0.9932479661942122	-1.8203136523733248
0.992830114202191	-1.8202281153383206
0.9927409618638662	-1.8202482059982237
0.9927456357051527	-1.8203445108447827
0.9929944919350772	-1.8204063188441957
0.9928157830036748	-1.8199261302094236
0.9923490379202516	-1.8205324803556335
0.9930626464834166	-1.8208620478915143
0.993021273973366	-1.8205012239891443
0.9933539982292922	-1.8208384973651974
0.9942593865958175	-1.8206248432988787
0.9942253333395172	-1.8206074606355562
0.9937612093582306	-1.8200525340253373
0.9937329116399705	-1.8198217210186618
0.9932968864173867	-1.8207059347294159
0.9936077009839803	-1.8200538072072778
0.9938340230912406	-1.8202460531751332
0.9936209152386662	-1.8200957977516365
0.993544376258362	-1.8194156509984953
0.9936845934747172	-1.819658532842665
0.9939804455734418	-1.8195428130103222
0.9937226207178919	-1.8197476231970193
0.9931809293942171	-1.8196015771868561
0.993070741439347	-1.819420168384979
0.9931620477841612	-1.8195631430140584
0.9930075911231606	-1.8198563686393348
0.993166410411988	-1.8197654315191374
0.9931448651941228	-1.820605534072192
0.9929239999194124	-1.8204213622391912
0.9921756276209055	-1.8210182196869453