0.6144630772600927	0.4754062518421659
0.6143332625980389	0.47531563025025947
0.614572610156393	0.4761216190629435
0.6141494419908311	0.47540643615555955
0.614142750573234	0.47519116799455086
0.6142418122303925	0.47563994762241013
0.6142216232436203	0.4751415739343968
0.6142945003247565	0.47548449115020897
0.6140991613935968	0.475642302953763
0.6143043017046314	0.47504080334753485
0.6144288184038266	0.47494063853710466
0.6146012189697632	0.4750045210945153
0.6146327085222665	0.47456005899890996
0.6146143064761878	0.4748164904655158
0.6147611866319792	0.47437530669426664
0.614794348767604	0.47443292802241366
0.6150313851309864	0.47448682414286847
0.6147264227966499	0.47403238687965754
0.6150300187726452	0.4744495688093513
0.6151202581990901	0.47440492889975194
0.6149603244390335	0.47436833254323774
0.6152726634732437	0.4743855179510509
0.6153131876596531	0.47521620683084853
0.6152394254981126	0.47448240410928766
0.6151132647532777	0.4743657589358641
0.6149377510741448	0.4738300636729669
0.6148881935400068	0.4746414418544197
0.6146448245672681	0.4745160995339952
0.6148093658330296	0.4744206776602059
0.6148268650105575	0.4753688215598856