0.4651990921757519	0.6104689848232682
0.46513687063210696	0.6102559848859103
0.4650773533353355	0.6101276739368791
0.4650626886958877	0.6098693229772894
0.4648995189882239	0.6097940352655287
0.46489965980886583	0.6099925217950056
0.4648797451314014	0.6101042835693946
0.46479782821321336	0.610094395808046
0.4646283187258043	0.6098712692710733
0.4646168247094555	0.60952189246364
0.46471558009344954	0.609437189303965
0.46482210152326736	0.6094516613746106
0.46478362324005074	0.6093630442983753
0.46497751007888544	0.6092764005991407
0.4649932927635981	0.609299219642772
0.4651391718753519	0.6094474264255039
0.46508022372350877	0.6093863590192994
0.4650416899222944	0.6093518394204254
0.46501663324444176	0.6091622217296366
0.464759718106632	0.6090820161426203
0.46504223752125307	0.609486266128419
0.4648331496791945	0.6095366871531259
0.4647795033199036	0.6095696050258312
0.464987468326096	0.609674541730322
0.46499141882929124	0.609368124882327
0.4651897976907165	0.6092611918894995
0.46495698767206806	0.6093883251282399
0.46510885507264244	0.6093732992461021
0.46498678813311295	0.6091753350136961
0.4650334920788937	0.6092403529953621