0.36382420443186136	0.05829533412413343	-0.9296416526215242
0.3656674085726682	0.058593177127048715	-0.9288994487574571
0.3667260935542313	0.05873075374230036	-0.9284733011084995
0.36701879119544156	0.05855939562595722	-0.9283684635387824
0.36699966220679703	0.05852212854264523	-0.9283783756696053
0.36713147851990635	0.059068394482978	-0.9282916579680067
0.3675706933750288	0.05950870019065505	-0.9280897047017703
0.3672931225080038	0.059586197524189165	-0.9281946171051245
0.3675544778016695	0.059351138907925795	-0.92810621598946
0.3632330391058181	0.055379851172394495	-0.9300509832187022
0.17536840101328122	0.1315489922176288	-0.9756745290170136
0.14988738324138956	0.19506693919888923	-0.9692691378438837
0.1409285014549979	0.19852045295566034	-0.9699117419827065
0.3590960001709283	0.0537864855972957	-0.93174947095683
0.3621247322129217	0.04830786079914323	-0.930877021364654
0.36347910682900014	0.04990619242454207	-0.9302646456017111
0.36448767167895385	0.050443704482711155	-0.9298409379416008
0.36573087201716376	0.05306379762539608	-0.9292067383715725
0.3660612092142852	0.05356200060318132	-0.9290480629116882
0.3661909464502784	0.05394536550392255	-0.9289747511523107
0.36626345725531484	0.05382743449433447	-0.9289530059024202
0.36670909119454637	0.054003356157253074	-0.9287669675214676
0.3668943276988236	0.0534451784480346	-0.9287260980521038
0.36722530778913764	0.05392601526102217	-0.9285674763835104
0.36796277067726146	0.05414885932458524	-0.9282625169796308
0.36844693653037486	0.05400668427925858	-0.9280787321205795
0.36921495667390286	0.0541161583847571	-0.9277670813140355
0.36998319730410084	0.054251040258755906	-0.92745310304267
0.3698616927543259	0.05467497588941231	-0.9274766709973878
0.3701799706846163	0.05419875844650321	-0.9273776382287823