0.40931371153149426	0.7323228312496317
0.4096515692564154	0.7317105883522343
0.4100596359747145	0.7315508052531288
0.41064462499714355	0.732160927016194
0.4131559968429102	0.7368037366272269
0.412245678701161	0.6902554143168098
0.4118244934590281	0.7317267066994428
0.41190040613549883	0.7376676207233026
0.40766471640131835	0.7324794305903501
0.4107499420101175	0.7329517551379133
0.41077328338392066	0.733170673715736
0.41074755100822	0.7335999295119517
0.41063657789311636	0.7337148775199065
0.41054522949894506	0.7343403486649499
0.4105615968752164	0.7338505401980242
0.4106126563199387	0.7341355252404644
0.4109568697376491	0.7336482523239779
0.4105620759401378	0.7331776260759031
0.4071260421684811	0.7330858830896564
0.41065751719941446	0.7326713018619047
0.41035966133630075	0.7326923782310458
0.4100366744372427	0.7328217981175138
0.4098856314492279	0.7327086714723068
0.41005007496145596	0.7331686227181893
0.41008694100288645	0.732709574265975
0.4098994694367643	0.7320370100380209
0.4092806021816191	0.7324935845851056
0.4093031562308599	0.7318145976470457
0.40905232731826274	0.7314292473882085
0.40935333141005276	0.7315739784399766