0.41375234644129594	0.49754086989040536
0.4124340929910975	0.4981121888240505
0.41292277725679827	0.4986827043116967
0.42156313726004924	0.5037476624715689
0.4192960540062798	0.5042357967626614
0.4201202965940341	0.5050668461114898
0.41490505350904533	0.5015900321431659
0.41567964961445353	0.5025482812425498
0.4160078909321694	0.5031504423577179
0.4150444974906518	0.4994391375914893
0.41539768458568505	0.5001683292850734
0.4156551337369183	0.500532790905719
0.4159263493968231	0.5009685928290776
0.41617227063661383	0.5013416065710228
0.41640304544548556	0.5017257078161595
0.41666743018958313	0.5021475442350883
0.4168987057567105	0.5025243084781894
0.418485660766266	0.49631469133138073
0.4184675053782429	0.4963240679189509
0.4186997138445035	0.4961891585659669
0.4185161105377942	0.4963857667215116
0.41828214144768017	0.4957915004099164
0.4183478872838478	0.4958965942628839
0.41857004271901843	0.4959711410686529
0.41866961853056806	0.496127921664833
0.41857090257038854	0.49581172254003403
0.4189182537158744	0.4959639450721115
0.4186523750873185	0.4959885825122863
0.41864043199709733	0.49628200906917497
0.418499173924176	0.4958752618790492