0.4200971319184302	0.4882900577926329
0.4199737313979916	0.4881143824487998
0.4197294353776885	0.4878137303912946
0.4197209152163543	0.48772296651118485
0.4200534675773725	0.4876049334744418
0.4200804057870856	0.48713929847818915
0.4201327222864853	0.48731722144754375
0.42019781888435276	0.4870321668062173
0.42015774576464343	0.4868040057316805
0.4201458777981657	0.4869805345740452
0.4202951189421257	0.48725562912982723
0.4203136007354184	0.48673915030815296
0.42038492606377426	0.4866670704136674
0.4208256027088194	0.48660978582328407
0.4206046816408307	0.4866433076735085
0.4207012540290348	0.48638441757767503
0.42045587481300556	0.48657523541241265
0.4208149339338121	0.4859447435994705
0.4209543595372163	0.4857496565544148
0.42125492485219246	0.4854874862955818
0.42121827798944234	0.48538331871873186
0.42107525817343755	0.48491693234284994
0.4212721167554568	0.48481282104348433
0.42101435364518996	0.4845052610142627
0.4211716546850129	0.48446380134074274
0.4209814464698189	0.4846038638256548
0.4209557398468602	0.4844012623260987
0.42089206092241577	0.4847447133549373
0.42065928154483745	0.4844891397082427
0.4207372481484227	0.48433109597034074