0.36885018587138013	0.07953796151717976	-0.9260795068785076
0.36873654900756886	0.07983346344863125	-0.9260993335165428
0.368469193178247	0.08003022219259817	-0.9261887589548768
0.36810719695913247	0.07946968012274554	-0.9263809483620002
0.36686617175923186	0.07987206315185491	-0.9268385326185958
0.3659646487047097	0.0793830785204363	-0.9272368644219537
0.3654329045610968	0.07932203418480546	-0.92745178158049
0.3650755106450885	0.07934921933775892	-0.9275901966481298
0.36484498396126686	0.0789956911676981	-0.9277110641009089
0.36429108883913214	0.07855039705632436	-0.9279665067849665
0.3640528235139552	0.07811477609423731	-0.9280967748286082
0.3633071262988666	0.07771269350297129	-0.928422678120786
0.36287535878692145	0.07745618432873529	-0.9286129513928264
0.3625661752950142	0.07755601332503385	-0.9287253810083324
0.36189586369247173	0.07796379261225816	-0.9289526526598612
0.3612906476339901	0.07780413413524405	-0.9292015845034257
0.36079563311442403	0.07714275344682818	-0.9294490339530209
0.36039859367999755	0.07657299599772842	-0.929650165361902
0.3599912675186266	0.07642792984321035	-0.929819906675596
0.3590320440629282	0.07645409989856182	-0.9301885625746514
0.3591933825396437	0.07618466088398478	-0.9301483813810146
0.35841257250541675	0.07641012321410441	-0.9304310404003376
0.3580799857279054	0.07576710239330448	-0.9306116644530228
0.3580248429175028	0.0755036958478446	-0.9306542879970057
0.35908404102608527	0.07591690240631475	-0.9302124893858429
0.35920938974407485	0.07627849075571409	-0.9301345097176642
0.35889306800431936	0.07650432414186398	-0.9302380631462269
0.3588300546751447	0.07729832615187499	-0.9301967322217117
0.3586609579611816	0.07802067578228825	-0.9302016401753131
0.35871335695698775	0.07859469624268277	-0.9301331094328216