0.3706540516133467	0.44973116355767506
0.3704495747410103	0.44976928780158276
0.37024033996711353	0.449993830298102
0.3701972744495123	0.4501321765166225
0.37017688560653794	0.4499693193477752
0.3690221980580357	0.45042931357961735
0.3687675143061317	0.4507020959292063
0.3689979620336243	0.4510646527526492
0.3690363140758447	0.45113000029314876
0.369032073837605	0.4512873290907674
0.3688795997384041	0.4516894540386943
0.36908083111271894	0.45153867816912074
0.36894895123060745	0.4516100845101755
0.36923666691877743	0.4517434027305407
0.36926138542418985	0.45152476369618777
0.3693147939780257	0.45166556260913093
0.3696392026352783	0.45154013279598193
0.36974469086947115	0.45111201002754564
0.3698060876728098	0.4513463856283588
0.3698355226350104	0.4520243764529238
0.37010254789672714	0.45194742179699554
0.37014704651462565	0.4516043383877739
0.3704539609536731	0.451923152562109
0.3702015211464185	0.4518878762105881
0.37024467839821285	0.45178518242410826
0.37038267314285733	0.452028060778613
0.37043322868040407	0.4520774709846199
0.37052594948715695	0.4522448873987589
0.370395796179439	0.4518003444864016
0.3702510108174527	0.4518830086922365