0.7547962659388447	0.8127382548497379
0.7528905767714363	0.817448427016846
0.7119865752000484	0.830190586893347
0.7128418040492482	0.8299611133834823
0.7134406432948518	0.8299587815061343
0.7135225849567916	0.8304567119595951
0.7137614693842347	0.8307365936185644
0.7138632547102182	0.8312017647837506
0.714211842201944	0.8316021895212479
0.7143586514788739	0.8318948193221075
0.7144183153024146	0.8316249118202017
0.7144879762513182	0.8314180871267853
0.714238643380167	0.8312263296977895
0.7146753797147193	0.8313272010275579
0.7146262382313807	0.8308496446076491
0.7144945676657841	0.8308168873494577
0.7142579579174229	0.8306398295878743
0.7142722526559375	0.8307401508093644
0.7141589977919494	0.8305246905563775
0.713871767004712	0.8308435086437123
0.7136606856793862	0.8311152767389185
0.7139591049985043	0.831077443358224
0.7137326121426535	0.8310575693611648
0.7135122157420626	0.8311318098275025
0.7137850052289568	0.8312214812918401
0.7135209971745073	0.8309132138846697
0.7136174082565818	0.830549920303933
0.7135478969167415	0.8307223026852626
0.7132862526786136	0.8305826457546497
0.7133095127783837	0.8306754632046005