0.5167118556867971	0.8280076914185578
0.5164609584003499	0.8279155591195431
0.5165205634871846	0.8274917795358346
0.5163767983003785	0.8274003689482397
0.5163046017287205	0.8268741622537037
0.5160521383441564	0.826860731107326
0.5159723533788257	0.8267145973065984
0.5157662881515702	0.8268380780195932
0.5146712319873166	0.8267999608782084
0.5134873756638444	0.8270763067412661
0.5136173381125376	0.8271692378048843
0.5136130250056793	0.82690374329108
0.5137377347104655	0.8266420551007967
0.5136608634300764	0.8264770967680075
0.5138231456997289	0.8259679967256445
0.5136572751436199	0.825719158355161
0.5138397685537439	0.8254646243816975
0.5140425210720863	0.8254490236199524
0.5143139750024796	0.8262534494291458
0.5143096024349602	0.8260062760139405
0.5141462530895857	0.8264243957071091
0.5142017084823619	0.8264762367239088
0.5142547932550752	0.8265515042296814
0.5142737336841867	0.8268280543023306
0.5141837994678782	0.8271656359305025
0.5142721990984198	0.8272412928985794
0.5140434505677979	0.8273703673474134
0.5140645341206422	0.8275028181671645
0.513824911543976	0.8273556323956666
0.5136536751791008	0.8272929947772033