0.43792295627745825	0.48346316156273983
0.4386570358982874	0.48388903320460064
0.43909360975130235	0.4839826024633259
0.43908032336975383	0.48415314418973987
0.43917426647161956	0.48398745175009616
0.43907368297278865	0.4838332748199493
0.43900210315559673	0.48371942453143335
0.4388890122675065	0.48389954052261275
0.43892752751528596	0.4838543663273356
0.4387901829563092	0.4839688741001632
0.43911543652776414	0.4837677510858398
0.43925163514427085	0.48370684749472725
0.4365594613879928	0.48273373427264277
0.4358176530755762	0.4818219715385219
0.43581368241640817	0.4818626652333977
0.43601936908936667	0.4818401736197041
0.4358975385951224	0.4820797935084372
0.4366409336798273	0.48274606014380805
0.437425945919823	0.4833657408789438
0.4373138268758534	0.48346801425177655
0.4371457992339326	0.48341634003513034
0.4373883454289465	0.4832751165589715
0.43733790235676806	0.48347718525700834
0.4376894583528428	0.4836081681890022
0.4377582795100835	0.4835855291554316
0.4376992343016407	0.48341068778394114
0.4384571704028239	0.48430246220377937
0.4385712536880456	0.4843250339114339
0.43859998959802515	0.48435871848291034
0.43849589267537176	0.4841653958690193