0.5942527206796393	0.6849818650787893
0.5940851906822903	0.6855039073384339
0.5942692797488299	0.6849837332644043
0.5945305478515641	0.6851486334725954
0.5948366809620813	0.6854945709783512
0.5947933757284568	0.6855101399778458
0.5945370560613449	0.6858906239242342
0.5945283971639312	0.6864816122106709
0.5947045508277939	0.6864863207477414
0.5949463608359908	0.6859092893707615
0.594848598083729	0.6862414372200449
0.5948784242790014	0.6864419445925338
0.5949962148744494	0.6863489261995962
0.5944371695140166	0.686636822800595
0.5946495468281118	0.6863703789777684
0.5945599812575251	0.6865566639224605
0.5945478677668345	0.6867956370813537
0.5945893427571859	0.6864456212342493
0.5944212634637257	0.6866125648546512
0.5946492187331047	0.6869133603587618
0.594506077078341	0.6867886899078295
0.5948301527085189	0.686348552759745
0.5946813035843458	0.68613131846936
0.5948082592317959	0.6862729452290182
0.594723892467664	0.6862383230744377
0.5945488418968636	0.6858985873170202
0.5946332818893869	0.6854248147223273
0.5943947690959716	0.6861856452559838
0.5945865306183681	0.6858066826602309
0.5942539629043554	0.6854944137306425