0.5314730359657165	0.016118662663796135	-0.8469218386340709
0.5309797407979432	0.015699904270935407	-0.8472390618166944
0.5307877486487117	0.014790322655790935	-0.8473757208229238
0.5306618260102965	0.01484733680248058	-0.8474535875228162
0.5303715574875438	0.014689950480727685	-0.8476380220135897
0.5303709063749172	0.014864278991358552	-0.8476353902953296
0.5301677565892654	0.015003302766183335	-0.8477600195687526
0.5300738000003946	0.014677007436665062	-0.8478244818391633
0.5303263659729706	0.014804183613482498	-0.8476643095597697
0.530211697000262	0.015414182396604045	-0.8477251673420735
0.5303716821068917	0.01518790694384076	-0.8476291679158825
0.5305095449193289	0.01526773811871986	-0.8475414555773804
0.5313058919831606	0.015091141532481051	-0.8470456343026772
0.5306326290487839	0.014795121688294124	-0.847472782667977
0.5318782711258243	0.014694012622791424	-0.8466933274198194
0.5317651913625064	0.014340864778729714	-0.8467704062215419
0.5317945841773307	0.014316786569491367	-0.8467523545063123
0.5320083625900119	0.014428672403038793	-0.8466161559685594
0.5323353190241026	0.014574534713298932	-0.846408111408083
0.5318446907771549	0.014404749653299975	-0.846719391581165
0.5318847424335988	0.01472351999247184	-0.8466887496154508
0.5317077752545794	0.014831798247405607	-0.8467980039505135
0.5318198621225593	0.014427917996768066	-0.8467345920855133
0.5307339333214739	0.014765444555417747	-0.8474098616774519
0.530971702116461	0.014027949919145436	-0.8472734317636863
0.5308464175248344	0.014417139817370533	-0.8473454001058456
0.5311545154682313	0.014141663121359607	-0.8471569477150444
0.5318759276847081	0.014271604247262246	-0.8467020248362116
0.5320834044875314	0.014608867175698152	-0.8465659050946953
0.5322376925703233	0.014164465187748044	-0.8464764654338377