0.5393423868069569	0.5701490403562821
0.5421631172603302	0.5706095853064237
0.5449754408874747	0.571249035292339
0.5455180696323934	0.5713168558408824
0.545575604591408	0.5712632362304182
0.5456295486490015	0.5711255376838824
0.5403263553572507	0.5725445199077513
0.5387772439354886	0.5728312928879675
0.538831478014689	0.5731190668601183
0.5388249691032186	0.5732616533227486
0.5387254585930201	0.5734879187217763
0.5386660967586524	0.5736759689300771
0.5385876932127266	0.5737143226093536
0.5385964568828223	0.5737329563627196
0.5385296503564331	0.5736231214055092
0.5384674087001489	0.5737040925999043
0.5384314605569783	0.5736136691587451
0.5382072558913769	0.5732467264671497
0.5381272606382032	0.5734301859909621
0.5380998882158166	0.5729732717665486
0.5387145357284878	0.5712890051637793
0.5385914459763717	0.5708871086020635
0.5383116030124244	0.5710116265755932
0.5383070332121112	0.5711507957398233
0.5383484594274929	0.571176207464664
0.5383915735912563	0.5710442149556074
0.5384694378243948	0.570563331616318
0.5384323837331667	0.5703285756528139
0.5382685793790436	0.5700334822155312
0.538267061280701	0.5696396085689484