0.4101678633734264	0.07655702966197359	-0.9087911449090016
0.41006526434046775	0.07626314954727302	-0.9088621518153963
0.410189624174662	0.07629615848293235	-0.9088032616689912
0.41179301320844863	0.07763562294945237	-0.9079643298731273
0.4128003915146806	0.07825445282767263	-0.9074536227146641
0.4130592213589962	0.07875027344512603	-0.9072929373044946
0.41331939543413704	0.07911578887448067	-0.9071426400014102
0.41315145565216455	0.07968638330635196	-0.9071691986658557
0.41301011260572507	0.0798471910055289	-0.9072194183183762
0.4127745431530272	0.0802414397927153	-0.9072918427192002
0.4129464349627172	0.080622110991854	-0.9071798702962932
0.4131045463193083	0.08083775494516922	-0.907088689812492
0.41264947721355905	0.08049954315366348	-0.9073258689728999
0.41265638481503225	0.08046354992496439	-0.9073259200556659
0.41289036336243123	0.08037870300144101	-0.9072269903096168
0.4124998766527248	0.08054138865463718	-0.9073901787406946
0.41216300326947475	0.08036630232852748	-0.9075587673456341
0.41167086126175384	0.08041386685807238	-0.9077778979491282
0.4112713900285084	0.0796296930999208	-0.9080280588841024
0.4113435871595061	0.0794739579505401	-0.908008999575679
0.4115802683338036	0.0790458097501068	-0.9079391183770111
0.4114037048669886	0.0787324714156447	-0.9080463587100057
0.41139792859011937	0.07812228332700835	-0.9081016755845865
0.411363707882458	0.07753826261414767	-0.9081672300121687
0.4114619376923577	0.07732528166466045	-0.9081408892049357
0.4116117774713268	0.07669818265670954	-0.9081261660276356
0.41206558006821753	0.0766550551561624	-0.9079239837354497
0.4119179769360259	0.07657446257357098	-0.9079977598862788
0.4119467721939324	0.07679300495740746	-0.9079662390577152
0.4120290284966697	0.07690870973444273	-0.9079191208709473