0.6303945406130853	0.28916152750724083	-0.7204084495443513
0.630880266571824	0.28915441376491	-0.7199859819819658
0.6308736025023347	0.289626057860627	-0.7198022258050047
0.63108279916129	0.28993165663061365	-0.7194957505685344
0.6314429685662847	0.29066680108815623	-0.7188828751565697
0.6297331003942832	0.29038272022694694	-0.7204957307725025
0.6193096123346038	0.28124823185081255	-0.7330450437393013
0.3273386470055344	0.5572313524896684	-0.7631137726310024
0.2826299881907385	0.5633708228057875	-0.7763591989449427
0.6231357616652541	0.27843126901971554	-0.7308747163269054
0.6245448267098838	0.2802206246314753	-0.7289857069662388
0.6259760717744374	0.28227634448565775	-0.7269621880879766
0.6275656681771637	0.28285362008999476	-0.7253655366277992
0.6282643190269285	0.2840697272340999	-0.7242847061113288
0.6287907499165378	0.2845922396949914	-0.7236224498485289
0.629461944997585	0.28433372978354576	-0.7231403666697322
0.629656956591952	0.2847599006761129	-0.7228028195727316
0.6296162616483851	0.28535053241357966	-0.7226053118537111
0.6298927474638791	0.28600579145467364	-0.72210512665871
0.6300825638238758	0.2863353341561069	-0.7218088660988047
0.6300844606882037	0.28645966748225005	-0.7217578758179326
0.6296584305058346	0.2872150498784649	-0.7218294646356853
0.629906386510974	0.2870397413011067	-0.7216828466483606
0.6295739439369362	0.2877495616012772	-0.7216902652204507
0.6298533100074896	0.2878389991141923	-0.721410783438638
0.6297049898039041	0.28879114291452934	-0.721159692155756
0.6299541985836488	0.2884574453288047	-0.7210755923765638
0.630189372179454	0.2886707169193058	-0.7207846921136434
0.6298270819193567	0.28875398896518345	-0.7210679446055293
0.6296415591187666	0.2888013675078839	-0.7212109796419248