0.4593044701688687	0.7830725951231128
0.465290513275377	0.8532559106278934
0.4637833561943419	0.8486626559588883
0.46266477723771054	0.8470439845167311
0.46199141330203425	0.845378448916446
0.46179118620827464	0.8441728070695
0.4614933853888925	0.842871015027248
0.46091292160690567	0.8421718570822297
0.459731771124078	0.8414010208959225
0.45895410080872195	0.8397622002577602
0.4584463353525777	0.8391159275670268
0.45834547344519083	0.8385094587301896
0.4584053103566411	0.8382054010510196
0.4583956500952361	0.8383300677027238
0.4583345396398756	0.8379122582526124
0.4582253869256236	0.8380528462305875
0.4583898282641156	0.83816825497534
0.45841884383744286	0.8377707840782056
0.45841800205339517	0.8379716035965221
0.4584159695557176	0.8379807931936364
0.45859825154668526	0.8378092560465354
0.45865435019317763	0.8377663864672096
0.45850168706407357	0.83799705572651
0.4587682354284591	0.838083369197751
0.45834534944305555	0.8379826430388351
0.45833585308655583	0.8381990522055276
0.4586451456817664	0.8383313930871045
0.45862127900945227	0.8378338604299908
0.4585820875209025	0.8381405506502679
0.4585327712856044	0.8377705967690289