0.9846885192375373	-2.424033939316533
0.9848938488722433	-2.4243201929181253
0.9841228678252081	-2.424965157738058
0.9834452386456256	-2.425212915601504
0.9834018240653083	-2.424462693019057
0.9843931116775164	-2.4256981920537672
0.9839574352413676	-2.4259331553013763
0.9830028792563763	-2.426933416037693
0.9833356976288855	-2.427417745909521
0.9828262676650661	-2.4286568044196097
0.9822416078086577	-2.428971761806338
0.9820984065345949	-2.4283716102490973
0.9825647509810155	-2.427097492539179
0.9818525912535645	-2.4253444409747655
0.9824252719338122	-2.4248863103405096
0.9831749310600448	-2.424186019710002
0.982930806038052	-2.424618900330117
0.9828893748991362	-2.425062665523684
0.9827572614703827	-2.426098919192882
0.9829524747952584	-2.4276881914247763
0.9819238453376593	-2.428957340903552
0.9816644874972793	-2.4283107186913697
0.9813169963997089	-2.4276276852153216
0.9815382597556932	-2.427573122797912
0.9801259220417557	-2.428160266203775
0.9808216617705752	-2.4281660909847824
0.9797159314620791	-2.4282159595089254
0.9787848489821587	-2.4285255010186635
0.9788153217422321	-2.4275360890994957
0.9780096516372085	-2.4280915762256976