0.6288195142528121	0.7481538912989352
0.6287253096358586	0.7485416357871042
0.6286746257955368	0.7487778828678755
0.628729813527116	0.7491366158187183
0.6288060108134416	0.7489342671107405
0.6286781339996445	0.7485606096815114
0.6288339675842411	0.7488468853595369
0.6288786981929761	0.7489218032184481
0.6287380183202667	0.7491758134446941
0.6284609556406021	0.7491353640779108
0.6285165952558975	0.7489721451277709
0.6283102605945392	0.7489519610485009
0.628312597533371	0.749256405856237
0.6281761733916256	0.7501456767285068
0.6277989421057348	0.7499277044916589
0.628153807237162	0.7498171522957726
0.6285871798237077	0.7503047176404367
0.6283732734292365	0.7498200337788435
0.6286381723758716	0.7497933389365729
0.6284751792799775	0.7493668376568571
0.6284244378196451	0.75020967251399
0.6284087062644911	0.750260430994728
0.6281843996073688	0.7501172180160548
0.6284580341241223	0.7501316237808346
0.6284663052508579	0.7498368967194831
0.6283561466097305	0.7499528833910636
0.6283091274681452	0.7493110547915238
0.6279425992727297	0.7492399712545141
0.6279796408295328	0.7496695453197753
0.6279520944510782	0.7496164089358437