0.5923782879457491	0.6993604469801691
0.5924514472072164	0.699664740441033
0.5923863319698872	0.6989366231680963
0.5921503532950317	0.699384389900068
0.5920644504785758	0.6988375088156665
0.5915484311700544	0.6992145720033269
0.5914662214580345	0.6997347981342406
0.5917564842741545	0.6993938314052727
0.5914612990376523	0.6992725464805575
0.5915784161532486	0.6995678181754049
0.5915558760047894	0.6991560620207686
0.5914432372030305	0.6992997186381364
0.5917010556938662	0.699014653356068
0.5918911779229659	0.699408241772379
0.5919087177108614	0.6988073021412122
0.5920547862040259	0.6983771536056341
0.5919901044886066	0.6976096230349723
0.5917620779377455	0.6979538398044867
0.5918071595773032	0.6977366306676918
0.5919991393300015	0.6979462788342317
0.5916347168292011	0.6973965724008473
0.5922118121309609	0.6973404475258087
0.5917449694114187	0.69738500945943
0.5917393927559791	0.6970501364364975
0.5919110030214683	0.697338319021716
0.5918020308261448	0.6979822391490735
0.5922515655994914	0.6982985109876028
0.592461095236551	0.6984257813268011
0.5924283940161849	0.6983956817156344
0.5923151418791097	0.6982751113260507