0.47824117290160345	0.3553129707357653
0.47723903324800426	0.35429689394696307
0.47607946447666416	0.35306681991370903
0.4756798745564308	0.35325124493185034
0.4752450500143403	0.353421026819669
0.42007312274744796	0.3356393014183855
0.42197279736765125	0.32741595925580813
0.4211139198789558	0.32750433562402903
0.4204205986683246	0.3278160325752473
0.42025559476946767	0.32816267633382556
0.4199197022179733	0.328482510622512
0.4190907506200767	0.3284876696881419
0.4158796482239623	0.32718270644393044
0.41568730921230584	0.3273355211826955
0.4157784695349402	0.3274281060310057
0.41579784089828764	0.32710390718878335
0.41575391031905684	0.32704081074922897
0.4157738087159997	0.3269767326249029
0.4157942765973273	0.32685391242687434
0.4159054050616861	0.32686258870590856
0.4159847213205516	0.32671585002818826
0.41609989950739107	0.32649635316599646
0.4159017745396178	0.3263997315141588
0.4159105091957943	0.3266133776289434
0.41586530295088125	0.3264015861507523
0.41604137172396377	0.3267008955306232
0.41601849434622407	0.3263206199547114
0.41655873646290464	0.32606648356764056
0.46731514419148146	0.35985371481386474
0.4816031681357817	0.3532803122670817