0.5156258791172685	-0.15376088438765678	-0.8429042313435552
0.5155392227974187	-0.15376075738329703	-0.8429572582559263
0.5155864565563439	-0.1539248662351019	-0.8428984169935185
0.5155746932710767	-0.15428429448812223	-0.8428398970935924
0.5155933255522348	-0.15442223291619084	-0.8428032371954708
0.5155028186371982	-0.154405545540313	-0.8428616561948361
0.5152923424730803	-0.15434799621839726	-0.8430008884052088
0.5152343074579366	-0.1541063660268231	-0.8430805633913923
0.5155863350482462	-0.15388110620749393	-0.8429064813274814
0.5158886375597553	-0.15377061265688913	-0.8427416640465004
0.5159671012376932	-0.15359081081130138	-0.8427264166232711
0.5157844746065998	-0.15370230962738013	-0.8428178781741656
0.5155539119297421	-0.15379763733019255	-0.8429415463990312
0.5154514065199916	-0.15382665788822653	-0.8429989364403142
0.5153444070865223	-0.1539439785405084	-0.843042936958587
0.5153254872023934	-0.15441958635676517	-0.8429675163308618
0.5152083615723259	-0.1545097156311829	-0.8430225927823823
0.5153074241140437	-0.15493035527721064	-0.8428848341657514
0.5155151828707577	-0.15521998401360948	-0.8427044872270136
0.5155543071399054	-0.1552338889258324	-0.8426779907642388
0.5155669815228461	-0.155446508915175	-0.8426310405091338
0.5154024567540779	-0.15529213704518055	-0.8427601436611735
0.5151879425114178	-0.15512938746945187	-0.8429212638403452
0.5154246531987966	-0.15517502134677447	-0.8427681410832569
0.5152439831968965	-0.15508766147538103	-0.8428946879874696
0.5151131913574563	-0.15514860662753419	-0.842963409615786
0.5153341482966569	-0.15507943645818356	-0.8428410787255042
0.5152548074038551	-0.15517089392037775	-0.8428727526306489
0.5150464125686116	-0.1550995759660901	-0.8430132350297608
0.5149692897486232	-0.15501944734582773	-0.843075086549468