0.509130169303053	-0.18723952835660013	-0.8400760856769122
0.5090530484219282	-0.1878398313144442	-0.8399888044873592
0.508807114185822	-0.18838328833947496	-0.840016105338643
0.5086359955752934	-0.1886446270907231	-0.8400610862758328
0.5084398218224837	-0.1891054777921243	-0.8400762262164865
0.5084335682667157	-0.18918807109008018	-0.8400614146696597
0.5085930292046686	-0.18932266071249976	-0.8399345574419229
0.5085167221114748	-0.18890886428618664	-0.8400739159901968
0.5082373166471793	-0.18900288149113556	-0.8402218402037182
0.5079179611060665	-0.18860019387890123	-0.8405053906160848
0.5078777017497249	-0.188550478163918	-0.8405408718495344
0.508002692038076	-0.18820564999733805	-0.8405426212817214
0.5083180717625171	-0.1878939000893801	-0.8404216919076033
0.5083988579763529	-0.18807859881452008	-0.8403315071305532
0.5085002584452046	-0.18809135871872856	-0.8402672955295254
0.5087721767158706	-0.18795235231236027	-0.8401337902144189
0.509267596826648	-0.18753619080674058	-0.8399265991502523
0.5104218603009099	-0.18700133415560605	-0.8393449979305183
0.5660740661222806	-0.17530860660232991	-0.8054980100006066
0.5702595328246608	-0.17441602865915443	-0.802734771994691
0.570996522913303	-0.17433371444648427	-0.8022286001061103
0.5714571420934157	-0.17494514899110442	-0.8017673787295826
0.5701260102365241	-0.17544012317950564	-0.8026064388170224
0.5117812017947247	-0.1861876810268894	-0.8386978889465363
0.51299940401129	-0.1852754978113888	-0.8381554756695224
0.5138465052113532	-0.18473491064024108	-0.8377558008589501
0.5148668601549757	-0.18411730409524968	-0.8372651519362634
0.5154784088235469	-0.18351574305449014	-0.8370208970437373
0.5112296857543983	-0.184200256263916	-0.8394727357072217
0.5100215693496554	-0.18382162049746598	-0.8402901942994457