0.7138593098444442	0.8180869828653642
0.7136001211868985	0.8184426749365278
0.7135298306829896	0.8187610734629219
0.7135842760128006	0.8195715787117202
0.7134645527264526	0.8196880666979451
0.7134614590750866	0.8191736044861423
0.7136530843490373	0.8190890882130515
0.7137179699132608	0.818669613567509
0.7136319991308538	0.8187403625098088
0.7136052581159669	0.8186828186086371
0.7135113795429788	0.8184005573048325
0.7136485137797106	0.8182011543262517
0.7135335842824262	0.818163512626486
0.7133198904396888	0.8181112840075029
0.7132115719608635	0.8181157017847438
0.7132076378412291	0.8179572112505328
0.7128572131643661	0.8180341243141385
0.7129068651810507	0.8177652741491793
0.7127155322088615	0.8175461089807669
0.7127189766603055	0.8175147767365022
0.7128652808443399	0.8174184146389892
0.7130129524633139	0.8171832832128076
0.7133527022633461	0.8171096996521486
0.7135773844189701	0.8169687094980507
0.7133480750483333	0.8175387538404354
0.7133304596352648	0.8173242085426914
0.71363679165045	0.8172804174190237
0.7132839085264877	0.8173793505506829
0.7132586761963482	0.8173393374381975
0.7130541440091986	0.817031745666921