0.6635133941375913	0.48436741575861997
0.6634269925576561	0.48437846335600154
0.6632824078258304	0.4845222302846319
0.6628964557253534	0.485285073456305
0.6624102099162632	0.48656457703659717
0.6622607613892546	0.48701998961203297
0.6623996134948895	0.48745436062051295
0.6624141940376536	0.4878971143842181
0.6624940570947424	0.4880495606182881
0.6624818035265868	0.4880177835852064
0.6624591552691748	0.48801378403616735
0.6624394407040748	0.48802282359066973
0.6625532870867621	0.48826044912707445
0.662530433523668	0.4880942952912666
0.6626072745418501	0.4880907940679762
0.6626432402451545	0.48838183386697087
0.6625266015514983	0.48807849204224973
0.6625327198253376	0.48832979993711534
0.6626369937175454	0.48835258897403977
0.6625950886023303	0.48818833893646174
0.6627541236289238	0.4886386320797945
0.6627032048084256	0.4888243735205694
0.6626572023089077	0.489157854481714
0.6626409730501855	0.4891884326455699
0.6626347213624554	0.4891618721297225
0.6626628587894756	0.4892660862955368
0.6626867783608452	0.48930321409679967
0.6625904497010455	0.4896385440638482
0.6628088095377984	0.4898164368714205
0.6628707571622845	0.4903861946438052