0.4533047796306488	0.7160076157142184
0.4528551523797486	0.716495282696189
0.4527946895527037	0.7164303666324756
0.45291608916968057	0.7166187253361318
0.45274362840672155	0.7166197733070427
0.452623916793965	0.7164943236643662
0.45261548300802396	0.7162311763969038
0.4522919644011461	0.715866425148521
0.45200337006311025	0.7157151453792204
0.45242142864559454	0.7156855173612304
0.452112839896002	0.7154834125116888
0.45220085916551317	0.7150428392593355
0.4523194349807323	0.7151926403274642
0.45245319451110544	0.7153520500187027
0.4523526012816288	0.7152946214739968
0.4521240191024991	0.7152997683115324
0.45210013095025503	0.715370462704051
0.4523956493464842	0.7154666491321957
0.4520298446095162	0.715106523898236
0.45208173373133015	0.7156668312907248
0.4519121488644211	0.7154397610311904
0.45256865856902495	0.715826773586457
0.4528126255143029	0.715830546938115
0.453156567114285	0.7158094531488708
0.4531613844579818	0.7159929491703401
0.4529769725788841	0.7158296777230222
0.45305458283233996	0.7158853485842912
0.453065258159069	0.7161255560469448
0.4529775646620409	0.7156225945824269
0.45279789248653557	0.7154089998981035