0.8278194433324991	0.5637338643171917
0.827583746165786	0.5638570566272432
0.8273643793434065	0.5639900564276746
0.8275754901546302	0.564259544848518
0.827735076779623	0.5640570636198111
0.8276149360614781	0.5642987494870172
0.8278238297307328	0.563945402442882
0.8279872539993581	0.5639252939792953
0.8281547669425837	0.5641531987268196
0.828130495840831	0.5641306949207885
0.828136213859295	0.5641521901005987
0.8282137543784192	0.564472962420538
0.828157165830485	0.5642814045343014
0.8281733280795901	0.5646660448341094
0.8282428837362177	0.5647088216300764
0.8279993396714499	0.564216804673844
0.8280480585572139	0.5645394205332279
0.8277242229550545	0.56467287591163
0.827723080224456	0.5645985359119294
0.827457095198388	0.5642015415321164
0.827549727279472	0.563814309298204
0.827561854561831	0.5641605715258373
0.8275681264520252	0.5640930926241491
0.8274641284845664	0.5643927697977791
0.8277687587705737	0.5641477450364494
0.8277171734404408	0.5642362611250558
0.8279301608063534	0.5639141954882545
0.8280896806525092	0.5640411427276597
0.8282129148568161	0.5640401952046368
0.8284019609354812	0.5640546133273743