0.2912916345245897	0.38706820684243715
0.2919470008915309	0.3868643075805792
0.29233267059518536	0.3866292374014615
0.2935644603873137	0.38642448750400005
0.28930546488908343	0.3861911974136861
0.290851106472849	0.3859513956799522
0.29267501486572345	0.38573529357504754
0.2890623961935951	0.38549218702409915
0.29124924178606204	0.38524084597721975
0.2980250058327538	0.38461330662788684
0.3523110709269853	0.3849033502199686
0.35401934626900733	0.3770211504551242
0.35446376904485466	0.37695669543859445
0.3554345724391891	0.3762848875509234
0.35663224676256233	0.37552172215076474
0.2946432486581092	0.3817771425496814
0.2921682679329177	0.38845629048924557
0.2845730909979472	0.3878382108842505
0.28267179599434233	0.3878542673084098
0.28034110761551106	0.3878837388697559
0.2834449882087456	0.3878905622565204
0.2810144606111386	0.3879267040119364
0.28475497203035155	0.3879393700634952
0.28243796330306997	0.38797902673712237
0.2808129986855911	0.3880182269523126
0.284914704392111	0.3880389404969268
0.34604194566067936	0.37333478658855557
0.3775751914427527	0.37435927968383
0.378706766689371	0.373589859426968
0.38888524994873086	0.3729355886610227