0.5788883545967805	0.6319925343718289
0.5788899464258329	0.6320357275476061
0.5789940732050235	0.6320496193460303
0.5789251354941876	0.6322058817192634
0.5789354122168237	0.6317677461565003
0.5787848514466836	0.6315994086549996
0.5784293483915036	0.6315832604316505
0.5786162574426335	0.6312976029071469
0.5786976173173763	0.6308979720283574
0.5783428850985131	0.6307375186440946
0.5788996485642377	0.6310454987160717
0.5790845635206466	0.6308873650315561
0.578682723309463	0.6302365474427913
0.5786223200402352	0.6296687246877588
0.5785936361508545	0.629566351156547
0.5788065797577474	0.6296984166976708
0.5789060555806054	0.6294908486977373
0.5789761989209441	0.6297110208382106
0.5788997290240715	0.6300412604904697
0.5790509744408764	0.63053218202611
0.5790788568012226	0.6304933647603794
0.5790217012854744	0.630237242186241
0.5787706464055379	0.6303085631808143
0.5788263321361328	0.6303053401825718
0.5788989824643476	0.6300052682482107
0.5786511670863113	0.6300228313676522
0.5785550436326712	0.6295969658262293
0.5786469421012346	0.6294533644044569
0.5785136441127441	0.6292206178961284
0.5785113644287339	0.6290259596073358