0.44951669575490244	0.7413681579919834
0.449302767437618	0.7417263690920393
0.44951241727999175	0.7411306419050432
0.4499977148436761	0.7419998327388257
0.4495162934688238	0.7413125718763499
0.4489607402783877	0.7415774030959277
0.44860104792000643	0.7419416788744473
0.4497609675517113	0.7420710243482153
0.45451318964740767	0.7506172532939941
0.44395070977963874	0.7697928241144983
0.45368250015970546	0.7545102459140093
0.4526224850126182	0.7433956693099099
0.45059694901176706	0.7484774482263691
0.4511350917449566	0.7433962848588526
0.4508559656774542	0.7423322072935927
0.4507794611261382	0.7421759334186595
0.4506344489032805	0.7420882262273416
0.4501988580165019	0.7418597098087044
0.4502560637834448	0.7417414459138767
0.45033659481521116	0.7419765797218211
0.45014722472637275	0.7424381621677181
0.4496878258543353	0.7421778051668666
0.4494948284025856	0.742542765690164
0.4497124766236081	0.7421265024205874
0.44952286147593057	0.7420463781852126
0.44940791035413014	0.74205396784271
0.4493249283251335	0.7426148253195111
0.44939264197821915	0.7421852160113991
0.4494283736257887	0.7424557533286428
0.4495394346993739	0.7425394953343677