-0.42513917426866943	0.01826070172058183	-0.9049437713332392
-0.425533037664916	0.01757641109787445	-0.9047721832752086
-0.4251700350467651	0.017766131509813984	-0.9049391172170139
-0.42496432354514735	0.018021611983284044	-0.905030687443989
-0.4248091918844775	0.017904775058256925	-0.9051058333258991
-0.42495332314451295	0.01807829555032833	-0.9050347221949167
-0.4243950097610632	0.01815754548238171	-0.905295078541777
-0.42431571238840493	0.01861468527367521	-0.9053229643130029
-0.42441256783763903	0.018441016511147653	-0.9052811172069686
-0.42378915401440276	0.018554981317473268	-0.9055707954699429
-0.4242921385082675	0.01824575101020271	-0.9053415232773514
-0.42415752647862853	0.01855950887544002	-0.9053982203217731
-0.4242290014902073	0.018397629097958678	-0.9053680365123321
-0.4241419102175115	0.018473794175894873	-0.9054072889731929
-0.42333227659475686	0.018660155049226707	-0.9057823039818337
-0.4235668069073687	0.018485315481630828	-0.9056762408266216
-0.42343299632025533	0.01770429174306766	-0.9057544124546825
-0.42336637217077694	0.01752408674732946	-0.9057890600457854
-0.4238195858018407	0.017612275278378022	-0.905575378668322
-0.42359234202196083	0.01738161599061062	-0.9056861527073852
-0.4231908712718837	0.017153065860970058	-0.9058781699564866
-0.42312748085382396	0.017378372226686842	-0.9059034866502322
-0.4214060521412676	0.016399029575310153	-0.9067237788035006
-0.4200648166796367	0.015866319654167942	-0.9073553932658002
-0.41920800965519217	0.01601690458901967	-0.9077489209072731
-0.41938338810434916	0.01693013759966612	-0.9076513340611433
-0.419505752445009	0.016682603298178233	-0.9075993688917717
-0.4191972113955233	0.016552506854021588	-0.9077442990595228
-0.41977937798872994	0.016562186859989024	-0.9074750507764993
-0.4207632427732665	0.016788570340231967	-0.9070151252525265