0.7751684144659867	0.8123161633619289
0.7756658363785165	0.8123646824206463
0.7730155013296119	0.8131088352522252
0.7735346569309203	0.8131304194024169
0.7738482014442775	0.8132424385817192
0.7741139083405095	0.8133443585253062
0.7712765909628125	0.8141586970781631
0.7716325114405289	0.8142643312567186
0.7717274169352522	0.8144267617678917
0.7748841955139739	0.813876368462604
0.7748744166709466	0.8140797342539395
0.7719981313275641	0.8149280516478913
0.7811782583132036	0.8030157200013828
0.7809963747943749	0.8035322159503255
0.7775624206698103	0.8066415599589117
0.773489656481782	0.8119537402073518
0.7769572400383188	0.8108224868233066
0.7775656871576512	0.8075070578226817
0.7730785367464889	0.8134496929822607
0.7734197127856556	0.8131334540760343
0.7733964131752593	0.8132845661743175
0.7733618741823094	0.8134414284432547
0.7777670413418798	0.8076168466903033
0.7776019487396246	0.8079409867865381
0.7777700106510774	0.8077828795646056
0.7774668888725186	0.8069507772487202
0.7730008290108713	0.8126521944011493
0.7732659240237241	0.812281550856511
0.7731330673658857	0.8123894385845922
0.7730056634121283	0.8124936294362458