0.20661243821664696	-0.13399108330623968	-0.9692046687715616
0.20709081087437672	-0.1341101734432521	-0.969086093920666
0.20655658460725368	-0.13510447584220525	-0.9690619990293652
0.20701782987201758	-0.1355819631161721	-0.9688968724238123
0.20721075796643523	-0.13662346107475906	-0.9687093122639676
0.207532206880321	-0.1375264197097517	-0.968512708739127
0.20671181563826402	-0.13851291106147934	-0.968547571751025
0.20692226051878065	-0.13938563220579273	-0.9683774179711077
0.20694362633208374	-0.13998830825173728	-0.9682859128756048
0.20719706552394213	-0.13978088862464877	-0.96826167910001
0.2070303919403263	-0.14013451718877248	-0.9682462155388496
0.2071709080054618	-0.14087426951926477	-0.9681088033189277
0.20708029827222826	-0.14112380480032552	-0.9680918457389075
0.20782554534322592	-0.14094163553325864	-0.9679586758100786
0.2080912850870641	-0.14086407438182486	-0.9679128729484725
0.20781153763437316	-0.14155783330040167	-0.9678717604400561
0.207415690445432	-0.1408449009810331	-0.9680606619549664
0.2075545527873317	-0.1410681231429853	-0.9679983947559863
0.20755731417308146	-0.14096618764703508	-0.9680126524346248
0.20787334318746642	-0.1407913077438031	-0.9679702892423173
0.2090769042780121	-0.14016583530712287	-0.9678018323552501
0.20871198658867016	-0.14115380300272268	-0.9677370048479491
0.2083255137170188	-0.14152600792571482	-0.9677659166426303
0.20801381098480268	-0.14142879007567127	-0.9678471737714123
0.20791824985460514	-0.1418063613655703	-0.9678124597532599
0.20773533023104618	-0.1419666796602625	-0.9678282360212676
0.20749039470415565	-0.1416781893282745	-0.9679230479610326
0.20782861488507276	-0.14141666501129	-0.9678887300160265
0.20774499388825418	-0.14170333795186144	-0.9678647537376645
0.20734131677812537	-0.14175758310840345	-0.9679433692050259