0.38338192825500794	0.632631618526575
0.38362913541288446	0.6323437054254757
0.3840489229036014	0.6328740959792537
0.38428520428369206	0.632726715181598
0.38381056911831235	0.6330985942369718
0.38401023323099887	0.632796211422628
0.3835661571665406	0.6336092657145469
0.38401051790756036	0.6329496083250439
0.38397528856532553	0.6334868599256971
0.38379692865585807	0.6334826808320725
0.3834957496145952	0.6336546413403175
0.3833159041077878	0.6337629627176666
0.3836358760658293	0.6335263256743424
0.38397790609435967	0.6336880768214244
0.3836602143533848	0.6331325996930055
0.38361475590203364	0.6334209332130513
0.38357342031210556	0.6336629990880616
0.38323297864850714	0.634043649110897
0.3833278435597494	0.6336527128457241
0.3827897897034889	0.6342413813354741
0.3831540120702844	0.633404329644301
0.3833999905946832	0.6339565681793612
0.382644477650448	0.6334321166952883
0.38350621773340376	0.6332265120146156
0.38336498118964923	0.6337853155140991
0.38303925171104797	0.6342873629214981
0.38364850181558846	0.633282226872705
0.38364278547889286	0.6338448013148898
0.3834469843270104	0.6340709538629468
0.383727224737685	0.6345414085601199