0.5391853595263979	0.04726155104779091	-0.8408599728045961
0.5408929849480991	0.04852036251794644	-0.8396907485825139
0.5415934781457118	0.0494348039171327	-0.839185739030225
0.5421894338932682	0.04978808704554815	-0.8387799259417469
0.5427487677034288	0.050080311161943565	-0.8384007022840166
0.5430606529679447	0.05015999835933762	-0.8381939523538814
0.5413074647229384	0.05051248875070034	-0.8393060926238025
0.4703879936196629	0.03202685351699907	-0.8818783454152102
0.4670622874687343	0.030360476573117127	-0.8837030389710825
0.46828668682746805	0.03088174960328114	-0.8830367469599399
0.4693245776803624	0.0317131208571613	-0.8824560718532387
0.470186937393386	0.032392300176295026	-0.881972212030468
0.4606377562687102	0.03095475283857036	-0.8870482854819299
0.45994332528952364	0.03132520078923516	-0.8873955540327716
0.4604763676589442	0.0312559863243036	-0.8871215126162367
0.4606691504930721	0.03138539983126468	-0.8870168490290491
0.4609250696068253	0.031244551681734463	-0.8868888646263131
0.4533468046477065	0.030095600896169777	-0.89082598161617
0.4528233806234857	0.03092833592706989	-0.8910636475569522
0.4533661560583127	0.031252421368413726	-0.8907762989098446
0.45361834729496925	0.031161700150566497	-0.8906510783921541
0.4537915505843312	0.03103556381515214	-0.8905672475433531
0.4538424443188611	0.030777832660796336	-0.8905502572855648
0.45390207595671156	0.03062756971451403	-0.8905250459226682
0.4537994826638805	0.03062998274714397	-0.8905772474585819
0.45384328207931374	0.030514689954339157	-0.890558885761333
0.4541008664976612	0.03041055232699236	-0.8904311322911169
0.45409898928032577	0.03030367468964382	-0.8904357333546822
0.4543331936100691	0.030199503242157536	-0.8903197960216331
0.4542518166379581	0.03038217388661738	-0.890355103647437