0.407924002506376	0.7107963855730179
0.408217304814789	0.7107102343896794
0.4082768977729231	0.7104107297642419
0.4080916982290475	0.7106265103692032
0.4076957992978514	0.7105274516286844
0.4077082440322613	0.7105153423839126
0.4078341615575911	0.7107482720828526
0.40798808924952307	0.7103357242554447
0.40795922176408894	0.7105671118290289
0.407975727202098	0.7105325019063086
0.40793752409498507	0.7105064767251137
0.4080912078795714	0.7103643548515075
0.4078693463597455	0.7106650236527788
0.4078713390526517	0.7104975322400463
0.40796518854010144	0.7104933663240043
0.4077455855209525	0.7104175768396712
0.4077579341062892	0.7100630702827098
0.4082465881628877	0.7102913964156534
0.40814574574622564	0.7102461269613582
0.40811209229993894	0.7103479233638408
0.4080270412103328	0.7099032152685787
0.4083922835649902	0.7101621562099543
0.40836228456160356	0.7095607078413733
0.4084184962844073	0.7095788161939065
0.40831514960024107	0.7094359188541159
0.40843862304072553	0.7096340946653359
0.40839921898471665	0.7099035785648244
0.40842515962240816	0.7098840253904621
0.4087147898601813	0.7099551362336437
0.4087355274308358	0.7102347614837147