1.3021732106282617	-0.9939950679384675
1.3026539765014113	-0.9921919821807069
1.298682013604429	-0.9910137605640844
1.297770192511564	-0.9900239339647962
1.2987487334971526	-0.9895281838765378
1.2979540498308721	-0.9893747059256073
1.2985974503668687	-0.9886963275422935
1.2973363165100682	-0.9884206573945106
1.2980079340251622	-0.9878803507958885
1.2970932975806673	-0.9875657356674922
1.2980917018024458	-0.9878228963353776
1.2981842124750425	-0.9869005656068329
1.2978516512194946	-0.9873695533377054
1.2977537840495397	-0.9865578779548402
1.2972742527971373	-0.986811189178125
1.2976467875336684	-0.9865140518821816
1.2967287306467323	-0.987311039356739
1.2984605556330338	-0.9866550908196212
1.298625184230796	-0.9885286917291748
1.2981459414179728	-0.9872258722105584
1.298619099055224	-0.987983995809705
1.2983090643062478	-0.9876345763170867
1.2984761404393097	-0.988808761300059
1.2981380694670113	-0.9885987542855229
1.2989889104040662	-0.9883022640325185
1.2989436787329733	-0.9883693705843125
1.2991929483517084	-0.9887888178883697
1.298544088176131	-0.9891744250053467
1.2996169432645064	-0.9898245426861947
1.299905962370494	-0.9887313461451479