0.323578329612036	0.7459592032326148
0.32371621914656606	0.7458202319935776
0.3238538006393557	0.7459944003277673
0.3236863774299128	0.7458112861708532
0.3235796277283686	0.7457679570932804
0.3236865154807451	0.7456568283220999
0.3237616658756075	0.7456413490447145
0.32368101464599724	0.7453473636718644
0.32360131841864814	0.7455589508722791
0.3236597096451946	0.7452760521639237
0.32377098526547105	0.7452663856307922
0.32391484152054656	0.7450837106839183
0.32390609792016894	0.7452994193362781
0.3237076018154534	0.7451464533495062
0.32385621805984377	0.7450614969558489
0.32381229828428904	0.7449032216041716
0.3237443636388157	0.7446069635732326
0.32365060411642405	0.7446609109296057
0.32391016700096925	0.7442530639510655
0.32393062257816274	0.7443822112705984
0.32388162277160465	0.744211566782873
0.3237981204592759	0.7441014328320803
0.3237116791440469	0.7441250361357203
0.3234504831975009	0.7442644189251648
0.3233645379232644	0.7439723440839612
0.32362785414769507	0.7438729627427616
0.32358828693647	0.7439354058398833
0.3235259426908833	0.7436601647845626
0.32363274031395173	0.743520398764662
0.32596761275625613	0.744031168708283