1.4297280303107065	-0.8226768431227993
1.3202717486585474	-1.3616984967612726
1.3175121410228134	-1.3542309223974813
1.31826156240352	-1.3483017180093941
1.3171747052307616	-1.343493482440349
1.3170303335612898	-1.3439925019387995
1.3182015125445965	-1.3476084364138914
1.3270320913622797	-1.3501204228395125
1.281309277939207	-1.3054361440224806
1.6525932934510486	-1.817369811466217
1.4149288863932685	-0.8425752252823184
1.4170150283786185	-0.8391661683824604
1.417464500100631	-0.8368787719995666
1.4188103792858475	-0.8356395700270044
1.421600837001893	-0.8332807667342642
1.4379012351280986	-0.818921368965091
1.4386862672400846	-0.8204387796550124
1.4372776833502148	-0.8197853819249263
1.4369359769907608	-0.8196192358714278
1.4360718864828452	-0.8187533291239709
1.4353257037143459	-0.8173830082612424
1.4342848833540587	-0.817559891065252
1.4335532554489883	-0.8164241858877781
1.4328813077012403	-0.8152999595661352
1.4342444041181177	-0.8160858696319465
1.4352789768804366	-0.8165988037412677
1.4347433795440767	-0.8157775514107365
1.4349090324637164	-0.816058764585103
1.4359416840302106	-0.8163551353657541
1.4359354260382138	-0.8169543538504284