0.5677390784446408	0.5338676545511749
0.5675818560657964	0.533622199424775
0.5674257373065259	0.5337202164266932
0.566065313255567	0.5345071967223607
0.5657692188324638	0.5348906292960529
0.5654332522138966	0.5356789972731844
0.5654742712403488	0.5364438471929376
0.565635851421537	0.5363921462512384
0.566010680971192	0.5363463295583756
0.5660534188560021	0.5367357189292232
0.5662636606215028	0.5383388436685452
0.5665991064067285	0.5378480566181933
0.566811675515124	0.5380904868403271
0.5666920573772676	0.5384668364012861
0.5660394684459934	0.5391065537612796
0.5662283245427217	0.5391257545236611
0.5661800236799621	0.5390868802525675
0.5660701509864573	0.5386959396298157
0.5661626336387598	0.5382428981054488
0.566020738313757	0.5383266140129094
0.5657905501161323	0.5379400808282393
0.565917195524025	0.5372118752830279
0.5657597762606169	0.5374658678795976
0.5656270659609277	0.5374411839258366
0.5655909003966044	0.5370937233504274
0.5652993264933167	0.536923281698415
0.5653395815026203	0.5372159411402462
0.5652233765237706	0.537231983487407
0.5652491254862622	0.5374628688537958
0.5649997938307566	0.5375547545680506