0.7612862403621663	0.49031203130806633
0.7734482741278679	0.4853247506407101
0.7738385703386089	0.4850909870750919
0.7735539496414654	0.49068310180436747
0.7711473865832085	0.4875643845767632
0.7727940478286357	0.486157299977214
0.773400273739816	0.4858892544434289
0.7733565350450219	0.4888460507740944
0.7702539138556527	0.48856713087788517
0.7732658229951328	0.4916408257862943
0.7698882360301085	0.4916032656854169
0.7711906087532356	0.487701548801283
0.775464990883392	0.48742513291512646
0.7721374023349853	0.48829564900431033
0.7766943596808998	0.48770242497101013
0.770055200711555	0.48601670907805783
0.7712116425806602	0.48799494750293837
0.7701573724937242	0.48729926262140455
0.7706440953626743	0.488345698194282
0.7668816891374141	0.4924940150767747
0.7707201604028802	0.4886105347048352
0.7706220357302691	0.4884503845188355
0.7711137714099726	0.4885158144620315
0.7100124691557957	0.5667860452437671
0.70675042231915	0.5634468813535829
0.7338740446938624	0.5596461303553641
0.7022164744806481	0.5620153215839829
0.715409081148676	0.5612276536467595
0.7017414692243292	0.5633673549288846
0.7627326584434626	0.5740623746608349