0.4954547134595833	0.7251599469757462
0.4954638013516496	0.7257361788615343
0.49556415788536834	0.7259312176114809
0.4957438761541283	0.7258940534015571
0.49587074465021397	0.7259811050166011
0.49589202947888095	0.7261212928972894
0.4960276122056689	0.7260600727653399
0.49611950161705193	0.7261298134574286
0.4961955073316878	0.7261566737764021
0.4964610280214485	0.7263945704465826
0.4966107892847238	0.7264855596496385
0.4965123527029995	0.7265485159151688
0.4963094607521552	0.7264047420707063
0.49623276011725126	0.7265069857728567
0.49608203166881565	0.7264006683287236
0.4960616890753891	0.7261873083903208
0.4958554089780841	0.7260067453859429
0.4957563850754344	0.7260806852411089
0.49598942272215324	0.7254223390233461
0.4958298303158598	0.7256110400370399
0.49565991724091446	0.725679244545677
0.49559467048345474	0.7256026264087122
0.4955674534283824	0.7257432856995428
0.49561589873604717	0.725740658175815
0.49542141651836785	0.7258992813570246
0.4954103264545532	0.7259051301358164
0.4953701573824742	0.7260577561530097
0.4953354173034864	0.726233893314574
0.495303493901344	0.7261375737692386
0.49552364697440865	0.7261388473966688