0.7228592391656453	0.5398926982957735
0.7225843057149713	0.539153844203063
0.7223820046975853	0.5394182630167794
0.7219400137543863	0.5388223527021496
0.7224248997926529	0.5388961684016633
0.7224988694155706	0.5383600767127836
0.7229884695215941	0.5384933740804967
0.7227610306273593	0.5381652132963827
0.7233517377397242	0.5387779065222825
0.7231864185517708	0.5387478006495225
0.7228679436436753	0.5390073300762315
0.7232308800117656	0.5395174004260175
0.723241500473047	0.539349928705596
0.722709591553774	0.5392123555216819
0.7226021336222156	0.5390816373972185
0.7231375130697484	0.5392542060125687
0.7229456911300673	0.5395766371832156
0.7229595929519741	0.539262913888136
0.7229104286626127	0.5393819505405374
0.7222428976734453	0.5392083101332537
0.7227262837566483	0.5390473489490943
0.7225472136721406	0.5388072261344845
0.7221618249442793	0.5384534315745282
0.7228176996686245	0.5396824574007928
0.722654522417379	0.5392204452518483
0.7226801593772033	0.5395052322996505
0.7226230634751366	0.5390616488471844
0.7226308740657632	0.5385474101602887
0.7226560541732322	0.5386692595677957
0.7231380663031419	0.5382932496204769