0.3958574237453121	0.474786290480959
0.3956132283020854	0.47498333630625944
0.3956552851185099	0.4754606579620688
0.3956086735282131	0.47565020721234386
0.3957430062830524	0.47595333019135166
0.39577416901158297	0.4761390192449505
0.395718751863838	0.47659440682666576
0.39544352230282015	0.47664386857110996
0.39532606085686217	0.4766194932711304
0.39509418373849414	0.47656426189026724
0.3951397921931662	0.4764683418505322
0.39496062906282503	0.47658440975650074
0.39499273988936634	0.47662306444574754
0.3949071358208647	0.47651433423724077
0.3950675314334592	0.4764565915276757
0.39510485373365095	0.47617476883918297
0.3950222404859713	0.4685733246269228
0.46677490016381445	0.4622873977519517
0.46866499951705654	0.461747881280419
0.4689297086277532	0.461484899907208
0.468871092612019	0.4614051224929402
0.4685080672327929	0.4613719590140004
0.4682900197259879	0.4612925641941018
0.46831891370692136	0.4610205937326567
0.46841032649602754	0.46063761552280624
0.4685440245100091	0.4604323576645182
0.4688310127583226	0.460613760730221
0.4689261848688572	0.4606928607272721
0.4689927664962409	0.4608028621750293
0.46904488738688777	0.4612128499903704