0.5248039359638483	0.6720778201381881
0.5248833999853839	0.6718136848670693
0.5245730836155368	0.6717826894233304
0.5248463153030161	0.6715803905825312
0.5246984709621554	0.6718331070995422
0.524682803061132	0.6716043426523399
0.5245465487946348	0.6721008692023374
0.5240984436597355	0.6718181221950008
0.5243313798848072	0.6719747304434494
0.524297299622135	0.6717731105228888
0.5242975165318995	0.671905095248355
0.5241036789686243	0.6716558335306437
0.5239202830462979	0.6719903441056179
0.5241976177851212	0.6723703817710114
0.5241865203301311	0.6733221008534018
0.5242241820301363	0.6731266114166621
0.5242134276065776	0.6736622535391142
0.5242233820050738	0.6733027263119409
0.5245333619911761	0.6729567419070677
0.5244585266032041	0.6732166925394509
0.5242715530174971	0.6734505748397481
0.5243681659371723	0.6733234795659135
0.5243706283125247	0.6728322344443434
0.5242722972872019	0.6728441504434937
0.5244684202405357	0.6726168712865687
0.5241889185538489	0.6725673014844128
0.5241617462839561	0.6725183068488674
0.5241955268764384	0.672526167294954
0.5240920654430112	0.6724303058257443
0.5241211615507699	0.6726258590515899