0.560492498356171	0.4584802266283119
0.5606941336448196	0.4582790761477483
0.5606933495370147	0.45864535083759994
0.5612549866888041	0.45888200003521873
0.5609402964226936	0.45825736100405734
0.5608867030094588	0.45750835982541604
0.5610905904445826	0.45809183215659643
0.5612641613790912	0.4572877613464671
0.5610121721074507	0.4568752147980504
0.5613752617105996	0.4575029255952432
0.5611097800575823	0.4569327377153134
0.5614346809493624	0.4573263737131077
0.5613945495140581	0.4574769212520162
0.5615674728067716	0.45771055044215936
0.5613500689622515	0.45758936061962396
0.5613445425697132	0.45796075540362524
0.5612462092171716	0.45761435779595694
0.5612216695140473	0.457959424502139
0.5612197611526798	0.4577657707652769
0.561740125973347	0.4581632511825814
0.5613766520587322	0.4574835392384321
0.5614426921962901	0.45767488545027357
0.5615152607205774	0.45755991622005887
0.5615459304651327	0.4574609392985567
0.5616626667531937	0.45716779476077907
0.5616737739696734	0.4568130096363837
0.5620847972451412	0.457397435212611
0.5619555450074383	0.45733598697315214
0.5619511190331763	0.4573686910572925
0.562006602707333	0.4577864234363054