0.4524355276729003	0.7330961173207334
0.4521111392622455	0.7335683825387205
0.4523162010240463	0.733064963316439
0.45238791514496973	0.7330116836068417
0.45247433472550763	0.7331829973959103
0.4525894460940926	0.7332162116710261
0.4525584417084139	0.7350221138816913
0.452283685884007	0.7353243835828198
0.45271831675649965	0.7343842109490013
0.45214499239612166	0.7335173862850628
0.4521445011866122	0.7335856050723923
0.4530764581880762	0.7357302877425547
0.4707031519293827	0.7346841964441151
0.49120455786669864	0.7313001789898133
0.4913463738508025	0.7322164602814634
0.4916523356208429	0.7324244058755376
0.4917645536904386	0.7320464126880686
0.4920417125855188	0.733120370883834
0.49157242253775857	0.732445909773594
0.4912628835837783	0.7322041677630056
0.4895966237095049	0.7368734042182261
0.4559967353991512	0.7308243592003512
0.4550309913081604	0.7329966502430356
0.4552045491260598	0.7334317032738581
0.45556379382802453	0.7347909312669713
0.4554496175875822	0.7349418210539191
0.455857314345673	0.7343988688968692
0.45704581318241555	0.733009147017452
0.45620736226494324	0.733267583217279
0.4556210286352549	0.7325347492892051