1.4697181221771374	-1.0245878486759843
1.5868470842123352	-0.9233314021867217
1.5949825079740736	-0.9193916092959447
1.5934732116456913	-0.9193059857634758
1.5925554036248042	-0.919889190280256
1.5922093803397637	-0.9200943468478752
1.5915547680935338	-0.9200772202860714
1.5927875586274844	-0.9197546243969053
1.5932173592456305	-0.9151453973814084
1.592567167972444	-0.9128354479853524
1.5921171667189575	-0.9125178309348799
1.5906810813862415	-0.9129263334065226
1.589541655934261	-0.913438870128292
1.5889250441603169	-0.9139288474191054
1.5882188166694542	-0.9138334512038212
1.587893522168422	-0.9133734374107061
1.5879979178176602	-0.9126916921081752
1.5862790619013434	-0.9131962305343009
1.5860021918341736	-0.9133893364521144
1.5855737725435954	-0.9139249486360601
1.585111154851835	-0.9153682450355823
1.5849500438918926	-0.9155342127012692
1.585009764953568	-0.9146800562252405
1.5848281812565252	-0.914574188269164
1.5852277080617299	-0.9147835934152319
1.5856710762289403	-0.9144005177250456
1.5857890480451133	-0.9145900345834391
1.586434490972569	-0.9145683836465022
1.5860150856891477	-0.9149096699697271
1.5867647840583288	-0.9152156787950809