0.3898070005528271	0.5151277462660057
0.3916056904977876	0.514440995283806
0.38984047055424054	0.5137873833237203
0.39208279114043265	0.5132003707629869
0.39038211545582546	0.5124931126462264
0.3926855983763763	0.5167455097250808
0.39138856025024965	0.516004991405445
0.3930166818145172	0.5127530558495075
0.3918011468824926	0.5172874829997187
0.39101106682137154	0.5166581480618352
0.3921682445472169	0.5115535583313447
0.39118368936803966	0.5162443878873513
0.3924095789511699	0.5119834631127886
0.39152293720936104	0.5166198671769507
0.3910601448942952	0.5161082763597695
0.3906195769061528	0.5159942053146915
0.39016413992044013	0.5158887207885363
0.3934346455141121	0.5158084543605173
0.39298738297039754	0.5157505950045475
0.39284517546741926	0.5156971293935113
0.3927571011381061	0.5156673492774918
0.39270390737862176	0.5156534662774419
0.3926800162039279	0.5156495706173889
0.3926905013210251	0.515656182981955
0.3927431894738779	0.5156874682678952
0.39283221999281265	0.5157267694176499
0.3928735005780284	0.513557080890845
0.3928595906799782	0.5185034383172996
0.39307629284899404	0.5183578733019525
0.39328721884933976	0.5185791552440564