0.23206933892278606	-0.3315178326935366	-0.9144614527349534
0.2301525517072891	-0.33145954536809796	-0.9149668697428325
0.2310305926852124	-0.33193691976869244	-0.9145724391965855
0.2318593112207454	-0.3414919163845289	-0.9108372691344285
0.23020238813667676	-0.3329498281631945	-0.91441307537801
0.22904436606309497	-0.3334676540139395	-0.9145151732482051
0.22893837084774574	-0.3317984364482342	-0.9151486326953054
0.23918121122488814	-0.3320801067033484	-0.9124226821648441
0.22914614776592773	-0.3339251221403436	-0.9143227306414252
0.22979931483738208	-0.3325164400351868	-0.9146721226792668
0.2285188066634999	-0.3312141503612929	-0.9154650957854902
0.22939507617151875	-0.33139009801623676	-0.9151822233659547
0.22983837159657103	-0.33080276571613926	-0.9152834823902317
0.22928891806513887	-0.3324887934721485	-0.9148102504169665
0.229962996920784	-0.3324493250434217	-0.9146553811821067
0.23054484156298252	-0.33270715065564876	-0.9144151288836481
0.22979185816570996	-0.33431883424282977	-0.9140167498417442
0.22952097667057322	-0.330030204289929	-0.9156419526892233
0.2294575350692641	-0.3318313573555103	-0.9150066611099272
0.23040316325182242	-0.3287249146507688	-0.9158899021451208
0.2318759227638802	-0.33453843514268056	-0.9134098706794697
0.22966149951912285	-0.3287979941778584	-0.9160499302239179
0.229376748583041	-0.3286935915789713	-0.9161587362812128
0.2296498560417495	-0.32951663568857825	-0.915794589645781
0.22868105596411725	-0.3299588291792356	-0.9158778006316151
0.22890501695484564	-0.3297191557333825	-0.9159081676431143
0.2283935545150899	-0.33034082754848937	-0.9158118376121493
0.2293077553225364	-0.3302965226493166	-0.9155993449510049
0.22901170729019674	-0.32787100191204177	-0.9165447310574771
0.2285685627185998	-0.3285422114823779	-0.9164149864613859