0.2053853918974699	-0.2453095202009495	-0.9474386946361768
0.20520609311151325	-0.2453032019827484	-0.947479181009757
0.20535358295095876	-0.2452448321325242	-0.9474623360754209
0.20508427301515703	-0.24496271367519262	-0.947593641742456
0.2051833605548325	-0.24482589537985566	-0.9476075503618984
0.20531601713378292	-0.24466519514713345	-0.9476203223823007
0.20508413583193583	-0.245149350814628	-0.9475454042024765
0.2050267685269759	-0.2452829944460994	-0.9475232328671106
0.2048617325755853	-0.2456953517662146	-0.947452090950569
0.20518973757195286	-0.24573118400507823	-0.9473718154993928
0.20545507289072412	-0.24598423524710394	-0.9472486310538352
0.2052749216679128	-0.24578028046268308	-0.9473406252610078
0.2047007302131419	-0.24602193032709468	-0.9474021431516485
0.20447851991719979	-0.24584643688313945	-0.9474956803934971
0.204540020165845	-0.245696201180945	-0.9475213754189445
0.20400305421652568	-0.2465512567784043	-0.9474150260848297
0.20417504044202384	-0.2470537334978549	-0.9472470668338164
0.20427541654100365	-0.24684312231265246	-0.9472803318785524
0.20400737315393833	-0.24678757011302982	-0.9473525673879477
0.2040900477200051	-0.246749911105733	-0.9473445697268544
0.20415556242096528	-0.2466597489216364	-0.947353933118185
0.2038768881702237	-0.2464912452591407	-0.9474577987861118
0.2039063814336156	-0.24611178384739382	-0.9475500923234099
0.203883820484644	-0.24603185405739575	-0.9475757038536108
0.20384420513064605	-0.24649092325317323	-0.9474649148060593
0.2035117330390606	-0.24648424774262068	-0.9475381206738821
0.20317511104836597	-0.24711072639374057	-0.9474471822490381
0.20282459907789727	-0.24784021541560597	-0.9473317315658946
0.20284473528712157	-0.2476871985456622	-0.9473674392984485
0.20267773909934061	-0.2477859022048465	-0.9473773697646096