0.36688339490175365	0.651646683018821
0.3668276335624981	0.6516966583327743
0.3667764645947772	0.6516416554958814
0.36691887250318944	0.6513640662880116
0.36710713849689774	0.651636724420054
0.36718821301661203	0.6520493428087584
0.367314026363793	0.652657948125781
0.36762422677924605	0.65277769925407
0.3675553031312239	0.652888604356139
0.36753698679722246	0.6526692648494694
0.36759048149599993	0.6527118472673923
0.36771128890694826	0.6526384356462236
0.36773065218379264	0.6527488608449441
0.3675604577781811	0.6526825293239419
0.3675673300234293	0.6525946530302353
0.3675547977134934	0.6521563213733799
0.367269336745663	0.6516199810332922
0.3671908006165886	0.650545752061227
0.3674124811563681	0.6503690223130391
0.3673034131466506	0.6505707296769105
0.36734072240230536	0.6502368891597031
0.3673634216999632	0.6504805763284442
0.36721983386798934	0.6505787155806236
0.3672856125798182	0.6504624814469049
0.3673487730040978	0.6502935847327957
0.36735987645092044	0.6503813557346674
0.3673607212127162	0.6501914383519838
0.3674476971621186	0.6504395633566238
0.3674198014239726	0.6504670985158238
0.3679853590843514	0.6512865248949701