0.6301102130378358	0.8080730133167833
0.6302001002952492	0.8072653005844863
0.6305149686075853	0.8062672501464498
0.6320386292040007	0.802973003553072
0.63224582112747	0.8021014245173721
0.6325637657744184	0.8023288539775091
0.6327614900073835	0.8023112346009365
0.6329982023981475	0.8025677991383617
0.6327743322499011	0.8025207402378026
0.6327529739299143	0.802535312709483
0.6326467147104704	0.8027865173872973
0.6326346870648272	0.8028561209348416
0.5903324476033254	0.8352551058645864
0.5908310776014454	0.8348904875372469
0.5915030830798422	0.8347549723626723
0.5919104662572593	0.8344283931419092
0.591993297215189	0.834566678146454
0.5901205269895853	0.8338180916380526
0.5856921794071386	0.8377493168158747
0.5856643535351973	0.8371498781741318
0.5858661514959722	0.8368091161218537
0.5859666180610394	0.8369146559314841
0.586163957935564	0.8374061573447855
0.5865715252208007	0.8375255205784979
0.58663773802373	0.837674538709473
0.5869321520012741	0.8376898045833531
0.5867330357092776	0.8384028958962272
0.5867890420171753	0.8388167743769087
0.586693897057022	0.8380120942968616
0.5867530982194709	0.8377795507221993