0.6140715604401589	0.07608568051176447	-0.7855743681406937
0.6119001131605296	0.07384155677525221	-0.7874805877017784
0.6123842221442304	0.07405064541535536	-0.7870845357281359
0.6131106802999771	0.07421721744687995	-0.7865030822168099
0.6137449915326257	0.07393240595528351	-0.7860350403883278
0.6144315494946259	0.0743785956860893	-0.785456361289027
0.6147860808244004	0.07469753422421482	-0.7851486185464481
0.6147554380178513	0.07495564581756346	-0.7851480131717533
0.6144591493107799	0.07553982004851607	-0.785323939158428
0.6136954372287307	0.07583134130985422	-0.7858928158469102
0.6136560769430248	0.07666582053345782	-0.7858425867772935
0.6134354649063167	0.07741411604858055	-0.7859414641254068
0.6137445173912178	0.07763895787859872	-0.7856779617577079
0.613612266909398	0.07793474588987068	-0.7857519718596899
0.613844325690363	0.07812538034655431	-0.7855517607156449
0.6138115399549341	0.07888423880272566	-0.7855015406010779
0.6139101891398927	0.07919180397254309	-0.7853934923678675
0.6144320843651124	0.07908276900353071	-0.7849962607232455
0.6147084352155466	0.07903273297601891	-0.7847849175367704
0.6143498724995484	0.07874694631789392	-0.7850943590457106
0.614335719820873	0.07898321472342616	-0.785081699661967
0.6144821892087167	0.07883808102897082	-0.7849816533683653
0.6144962070527994	0.07923582260680906	-0.7849306312875969
0.6146800114265668	0.07952277528932042	-0.7847576770971532
0.6145511418920877	0.08002632517433901	-0.7848074166814569
0.6147580425797986	0.08001930816796765	-0.7846460727001533
0.6146898021058615	0.07911169851315467	-0.7847915559850401
0.6153775985552553	0.07937027005295888	-0.7842262246495506
0.6153933000061034	0.0795728865118334	-0.7841933703110304
0.6156515498830041	0.0794950082958904	-0.7839985413141349