0.4632962982500834	0.7089540720701228
0.46308777881384744	0.7086511996783946
0.46322349318512357	0.7092770403393323
0.4629067024454899	0.7091662232648075
0.46303982494020196	0.70945267662637
0.4630551227978063	0.7096225958985298
0.4629350869733892	0.7097640025328757
0.4627750237751114	0.7096364618809625
0.46294614643555265	0.7096056583573285
0.46286795887903415	0.7094153797002596
0.46294702709684665	0.7099120971674245
0.46317913522559956	0.7097453149971035
0.4630668829162448	0.7092451958365764
0.46289324563334416	0.7092394045779222
0.4629347971600754	0.7094099300298488
0.4629976806544834	0.7092103606238309
0.4625365961584963	0.7090257588436285
0.4624439469627092	0.7088427812328055
0.46199977864366987	0.7088546298738027
0.46218610877355415	0.7087606886423824
0.46204624624491475	0.7087767269870533
0.4620421695244135	0.7082138327544156
0.462131361102893	0.7088629276217968
0.46204569575861393	0.7087203171350636
0.4622496924430578	0.7085545220642756
0.46253761449663844	0.709566489485276
0.4626038096792331	0.7100778648243358
0.46263348499649753	0.7100633504919496
0.46259118553020856	0.70977148249547
0.4622411274372976	0.7093439413335971