0.5903230693834371	0.6682968189553125
0.5903851162743822	0.6685258272892411
0.5905319426825236	0.6684940782700235
0.5904717168316787	0.6681463601920656
0.5906617640450637	0.6679885542456651
0.5905954120845059	0.6680914999106624
0.5905497385359151	0.6680791776283364
0.5903683657411869	0.6685706217124351
0.5905515855919141	0.6682113113245949
0.5906662874290264	0.6686510408898696
0.5906927462948317	0.66818079772528
0.5906363381613633	0.6677368764188156
0.5905044527292576	0.6678370095211585
0.5905812936275616	0.6680117868703921
0.5907197501073023	0.6681926648920749
0.5910107385205531	0.6695525787675976
0.5910155134733579	0.6694761189332803
0.591345259158177	0.6694334960338966
0.5913894825310229	0.6690897737018957
0.59110034122245	0.6697188838724843
0.5911738816204687	0.6700409596324797
0.5912913658618987	0.6703741045081305
0.5913443577362697	0.6696717436977597
0.5912781518285596	0.6699916516396611
0.5913691803363497	0.6695117860403093
0.5913491752863399	0.6695232571974667
0.5912940485966349	0.6693121940630091
0.5913983329334662	0.6691782950718537
0.5914886068513632	0.6692564136232526
0.5912694926863582	0.6691989681663808