0.27860403910606224	0.4817827577003323
0.2785990423853828	0.48214435898974284
0.2784067609559942	0.482057307390825
0.2782463248793187	0.48189791869193666
0.27828945235479674	0.4821608525996883
0.2779826320879147	0.48186598472477427
0.27817665640957345	0.4820716855998428
0.277923011954427	0.48220603960296116
0.27822313772527124	0.4823434810977434
0.27810990218294784	0.48215223745895197
0.2778771637324585	0.4816715797582022
0.2778565412449803	0.48143683256507497
0.2777158050986976	0.48149252414411714
0.2777173279814396	0.4809932322436883
0.2775212527242141	0.48100325393554577
0.27718873165685226	0.48139515734133653
0.27713383735895597	0.48215482829088785
0.27741364085246933	0.4822553750714924
0.2777160543797579	0.4825289460684147
0.277908352592699	0.482431283024351
0.2779407896218451	0.48252204158843626
0.27786889415098853	0.4826061997826434
0.27812986819127483	0.4821864490644373
0.2779996101979521	0.48259958887322274
0.27801465428849886	0.4821095858244605
0.27810371253903765	0.4821330297921401
0.2782805840304003	0.4823917146400327
0.2786538624522917	0.48307381135942695
0.2787970717189308	0.48236522483722577
0.27878631279349436	0.4824781265266943