0.7042148609892795	0.5526409657752449
0.7045143326004404	0.5525090249596064
0.7047619935090397	0.5522562422882052
0.704834532729554	0.5521305281863429
0.7051322197280282	0.552558336431848
0.7051518499328333	0.5522414412519271
0.705362908799693	0.5520636722069115
0.7055561916181301	0.5519419603144379
0.7056667999722294	0.5520669908087301
0.7057596130787668	0.552260493344537
0.705920013994705	0.5526119180840309
0.7059644371979469	0.5532239105548854
0.7059907498572666	0.5534199185564366
0.70598386076051	0.553254627482497
0.70621674798016	0.5530001801355642
0.7061651370710859	0.5530324269884526
0.706216194763096	0.5528888517080149
0.7063170520042311	0.5527463449168821
0.7062584978326039	0.552641781013904
0.7064641320462532	0.5524867607862596
0.7064664921068022	0.5525105735654297
0.7065220124993392	0.5525334246096393
0.7064210649859387	0.5524842964378718
0.7064301167701681	0.5521640370259153
0.7063763019844771	0.5522747455819728
0.7062658472627964	0.5521647531379914
0.7058594001670055	0.5522939757116772
0.7057913188958089	0.5522259309188344
0.7057808867028651	0.5523596576438257
0.7056929192012877	0.5524292119098779