0.36912954252177216	0.5109625341288431
0.36915032193908187	0.510949363638638
0.3689115104907832	0.5106592403080192
0.3689587032339221	0.5104312667456986
0.3687594113900082	0.510303576165845
0.3688632220119406	0.5104546948127098
0.3689896969294127	0.5103578668638176
0.3690601698868396	0.51018217971054
0.36870247226036584	0.5100368582114057
0.36908204548137497	0.5103908139490908
0.36917640771903437	0.5102191522014681
0.3691214917891436	0.5102073447440517
0.3693906195180399	0.5100166401359274
0.3695595090823337	0.5105479739470009
0.3696140212558675	0.5108908701535292
0.3696508240262387	0.510840709285008
0.3698369201927965	0.5110775550615436
0.36999717975628216	0.5112180375843822
0.3698130539790621	0.5110543657904194
0.369595886725606	0.5108667439718271
0.3698341136262285	0.5109552560309514
0.3698146515062452	0.5112749655473061
0.36965656537976455	0.5111774524581679
0.3699259919502099	0.510448757986145
0.36993757778563446	0.5103302796714604
0.3702586646585659	0.5103259983832815
0.3701829456690016	0.5104159141083742
0.3703275609167524	0.51009306453436
0.3702826666818301	0.5098826735490631
0.37007713693610017	0.510003264994219