0.3341082929155248	0.5836942635834433
0.3343563725670651	0.5842112446230892
0.3341559472417016	0.5839357649427463
0.33483769637148864	0.5835347068057237
0.334419184959741	0.5831366351987883
0.3334850253655678	0.5837593451756389
0.3336341211845556	0.5837223352392824
0.3333720456851619	0.5840757231099647
0.33334667226791537	0.5828766758234255
0.33318525150410294	0.5838928039152576
0.3330200527341369	0.5833005548096599
0.33300362307514064	0.5835517623017976
0.3342811885036839	0.5841900163473348
0.3042580957260824	0.5942571200935712
0.3351371270181292	0.5848322414325249
0.33489070612111904	0.5844705192152038
0.33509008719104144	0.5839940469973739
0.3349189103502692	0.5842174254201751
0.32086967553052875	0.5722405905595322
0.3344468139410691	0.5834413010758617
0.333798781144773	0.5831270774599951
0.33379327110242824	0.5827790858446962
0.3342249828037535	0.5830567578335326
0.3205878282976065	0.5781623929030504
0.3340481859980149	0.5825096528199561
0.33373656482804975	0.5831536066427359
0.33349094916929234	0.5823660385409101
0.33393863917932665	0.5822444499309507
0.3339313630498467	0.5826839428148931
0.3337718765464593	0.5824417850279779