0.5059475025958505	0.7717738949374556
0.5057177534678963	0.7714782792917589
0.5061034399875591	0.7717360298708866
0.5056933485466181	0.7716433581315423
0.5058678646826403	0.7714330572036073
0.5059711183634741	0.77127437768995
0.5059608905918782	0.7712154954387008
0.5063461114952308	0.77108042845599
0.5059310514082186	0.771716218328165
0.5063915534117583	0.771427357731719
0.5062414578712379	0.7710711270287789
0.5054947916620438	0.7710845184323243
0.5053125028419561	0.771652155610072
0.5052647183089632	0.7716294209631069
0.5054144539343283	0.7714005788678925
0.5052469675819148	0.7715576761465286
0.5055774811680526	0.771184333434628
0.505432522049186	0.7716959303882686
0.5056067361701112	0.771645822774065
0.5057249413227975	0.7720970218068849
0.50564383528621	0.7722096717068938
0.5059551725019278	0.7721146858918212
0.5059788623411275	0.7722643458556954
0.5059201737334269	0.7724342740455454
0.5059116514462413	0.7722448348347104
0.505369920941536	0.7723376771280074
0.5059939792150093	0.7728734391401595
0.5062174485969971	0.7724818688831838
0.5060706995362277	0.7724387043601622
0.5064992373838222	0.7730634488066167