0.5443214608144054	0.9074527652782594
0.5360131227837732	0.9078236642847928
0.5371909642879615	0.9061468964366513
0.5377881623186292	0.9053356798706695
0.5376096304300961	0.9050949289937277
0.5375317572868901	0.9055047825554999
0.5427758845270703	0.9084071023685056
0.5441947852613223	0.9116786667095047
0.5425964186831655	0.9046924302039213
0.5441827047136613	0.9088377049006912
0.5457587137122362	0.912254788485694
0.540973270153342	0.9066579448985559
0.5422111637293814	0.9056762590790229
0.5411390617961287	0.9083805145995794
0.54477166447793	0.9034690198653788
0.5448831259900666	0.9123744492208424
0.5421634642506151	0.908013795148097
0.5469990717075575	0.9118595281159084
0.5445067455371022	0.9116079960860567
0.5397752032460936	0.9075019838863266
0.5444972320376984	0.9114470713203681
0.5400423538027548	0.9256377554557407
0.5345722292595768	0.9211296444422501
0.5349958067738776	0.9178834945483327
0.5361712219227965	0.9103702024272811
0.539319421604664	0.9194797902037044
0.5397828066546418	0.9187836593955025
0.5374530991496227	0.9121752769989186
0.5415347475020253	0.9166776415774309
0.5400094026269001	0.9062919608002753