0.36479344061775043	0.5393338072141796
0.3649617651240374	0.5393502168126976
0.3650669940822289	0.5393677089644744
0.36515140915921984	0.5396596388110313
0.3651386142835959	0.5395174368539413
0.36502430096735344	0.5398461949881328
0.36510331650836514	0.5398654131835412
0.36509325430608025	0.5399941458977588
0.3650711072384776	0.5400166533653135
0.3651536380269917	0.5400521525094595
0.3651682638333925	0.5401824637011049
0.36547300855345444	0.5398773686449648
0.3655448121013021	0.5401432337455034
0.36521973074215774	0.5401998099981611
0.36548317509521205	0.5399085765112517
0.36546396612808685	0.5397625678013933
0.3653731435719201	0.5399571445590986
0.3655973859758518	0.5397808041909472
0.3655084185001033	0.5396950225113175
0.3655312307031349	0.5395903034852134
0.3655815258110854	0.5398714780593007
0.3655999469991097	0.5400980498467034
0.3654221626286525	0.53993501809301
0.36539296870844035	0.5394676197832522
0.3655038604708388	0.53914986215692
0.365577685572236	0.5395190965598591
0.36554807563568925	0.5399179252451451
0.36558423328900097	0.539697480902266
0.36563339307541703	0.5398361274600643
0.36604275412260456	0.5396395073267669