0.16354637893373328	-0.18450125572272147	-0.9691294385036514
0.16354650696537243	-0.18524690685144643	-0.9689871637753501
0.1623858472877998	-0.18801545053717658	-0.9686490731735233
0.16117162908225138	-0.19059920818337414	-0.9683468633804956
0.16130306033741196	-0.19232357188007151	-0.967983970128161
0.16203951924974122	-0.19100836418920322	-0.9681213761771184
0.16244685729186473	-0.1886438431346883	-0.9685166591253718
0.1670884565902632	-0.18720931353386894	-0.9680052275687674
0.170158807548592	-0.18721183413210357	-0.9674697459737618
0.16998493698799189	-0.18584658405721566	-0.9677634878375257
0.1699361380051644	-0.18550489022040967	-0.9678376127761328
0.1699901709673308	-0.18610870917893646	-0.9677121938584052
0.17010725879400554	-0.1859511344808982	-0.9677219105150281
0.1689017005472916	-0.18606875385134675	-0.9679104475066069
0.164447846647524	-0.186691257134749	-0.968557319027862
0.1649056115630553	-0.18798900012542585	-0.9682284209352963
0.16478293041885503	-0.18932292000113063	-0.9679893686424558
0.16479203613308144	-0.19103915330470922	-0.9676505705737649
0.16384718994422146	-0.1920708009047807	-0.9676067929625021
0.16345091637820275	-0.19054988609596646	-0.9679744515450498
0.16442489595574777	-0.1904995256882577	-0.967819396531445
0.16570343539797744	-0.19211451888435366	-0.9672819563762892
0.1653552290754681	-0.19403092231393837	-0.9669589698655274
0.1648888885239576	-0.1938762433519694	-0.967069623504462
0.16484199205656394	-0.1935342977252389	-0.9671461075033194
0.16474976670164823	-0.1938769128189874	-0.9670931997731819
0.16425885081617722	-0.1934731972533813	-0.9672575416470544
0.16308537563224781	-0.19435496137871366	-0.9672793336169069
0.15681382885567138	-0.19517272779662603	-0.9681513463317852
0.15666636674017562	-0.2052720251700281	-0.9660843882472318