1.637007497069037	-0.8738590648357969
1.6373283200891162	-0.8732736393995204
1.6373371684233553	-0.8740329909727279
1.6374262346782016	-0.8733902279058511
1.6376540034032119	-0.8733081552671286
1.6374113811120548	-0.8717260591167497
1.6363225899388891	-0.8696320390662954
1.6359199264911322	-0.8701282958002805
1.635546206948106	-0.8702141796211641
1.6355388629661365	-0.8695770619017991
1.6358178907323964	-0.8688074248755787
1.6351358019080533	-0.8697537038930784
1.6344006259127788	-0.869596339644561
1.6341966306042475	-0.8703587230877581
1.6341491397424497	-0.8733420281384158
1.6346991778569708	-0.8730744245620619
1.6353159651333133	-0.8727912181027021
1.6354430118962076	-0.8730778309405999
1.6359297352659345	-0.8733888703324488
1.6358048286827003	-0.8733552983914844
1.6352850201907447	-0.8738512150801468
1.635089265529231	-0.8745309308376822
1.6351730614991098	-0.8748820166067447
1.6351410958773134	-0.874663281386211
1.634892088510858	-0.8748215545560836
1.6354062208590856	-0.8747100914531908
1.6354920861011	-0.8749120621280905
1.6355956997166572	-0.8748937784942244
1.635140376354682	-0.8743030304943208
1.6352981515733571	-0.874715031903494