0.3612406928640892	0.6575302746384789
0.36138787709528214	0.6574239459848981
0.361510355726353	0.6573238147180591
0.361627221639943	0.6572228424866835
0.36175109828577606	0.6571050110853678
0.3618567087051069	0.6570043069272876
0.36195687209337224	0.6569026271506785
0.36206024082840316	0.6567804266385229
0.36214573292583235	0.6566703987538959
0.36222329708956513	0.6565553270970348
0.3623061125381556	0.6564291138446898
0.36237317823448645	0.6563147371879521
0.3624347495925604	0.6562001378029862
0.3624978409760734	0.6560696617191943
0.3625486494166565	0.6559567225036782
0.36259086188445855	0.6558348492130877
0.3626317400399995	0.6556978275483647
0.362662814600723	0.6555764852070921
0.36268790691113517	0.6554525670848921
0.3627103459661427	0.6553157050175342
0.3627220233772942	0.6551874551565174
0.36272833289235146	0.6550589743885757
0.36272841657733396	0.6549125444117916
0.3627215267014366	0.6547793630426444
0.3627110479675367	0.6546499483709589
0.3626929207788424	0.6545040320028702
0.36266683557972523	0.6543647940563282
0.3626367732608856	0.6542282136003328
0.3625966375182832	0.6540744101117966
0.36255416957448183	0.6539350682597896