0.24736625680270508	0.5435641596289613
0.24682288418314902	0.5432819140006258
0.24668974789131887	0.5438181911712938
0.24657376606581205	0.5431461132882793
0.24601102141820674	0.5426766551625417
0.22992858619122136	0.5366960136881791
0.24227322875813417	0.5396582009616777
0.24240914441817982	0.5379831953276648
0.2423413933034431	0.5380132164334483
0.24217687374299426	0.5380878402999254
0.24214388550212257	0.5382968159045287
0.2421128134462554	0.5378477688104762
0.24194605255049506	0.5380661538905666
0.2418125409043643	0.5386119924133638
0.2341679549957607	0.548884119537841
0.2710595133176622	0.5791526958738029
0.2711738944937609	0.5671162694476154
0.27027791315071426	0.5664683673972446
0.2695550944691262	0.566031010858717
0.2690532939271772	0.5661507311390878
0.26814463028415186	0.5656813929268482
0.2665221971734449	0.565684534509588
0.26612420294267386	0.5660363376416515
0.26595567210632776	0.5664479097786559
0.26584493681090715	0.5664489498976721
0.26588732371586055	0.5669055901357205
0.25431719952489373	0.5616272797924173
0.23468949025388056	0.5396032629919283
0.24581328998813368	0.543460813056677
0.23670627945173928	0.5479536011246041