0.41428119414700193	0.5681246909740099
0.41430370574003705	0.5682786126494981
0.4144507552689331	0.5686487805259067
0.4142684759965366	0.5688175902444346
0.41444732809498946	0.568814230736657
0.41428167672046784	0.5689458269303354
0.4143038079433714	0.5690116633765974
0.4142671738133249	0.5685798319271074
0.41422023276666836	0.5683758432675039
0.41411989002944977	0.5688371341838966
0.4140381342049379	0.568723266984343
0.41401508158083183	0.5683801591734507
0.413984330510671	0.5685176039462934
0.41409824635925985	0.5685652885943343
0.41390399758767205	0.5684849666225942
0.41383454148134724	0.5686558610107164
0.4140451030920805	0.5687413580463939
0.4138944992351349	0.5682419733275885
0.4138431936288473	0.5683315385392792
0.41406579317102504	0.5682775666747153
0.4140750715431357	0.5684090982536462
0.4140356935427459	0.5683263813851511
0.41402101636869615	0.5681395905165965
0.4138261996184899	0.5681849817948085
0.4138318323761808	0.5678579384759086
0.41384047116135325	0.5678101740266965
0.413800127147878	0.5675362603165213
0.4136281493705749	0.5677706770576786
0.41337151736807326	0.5679109698521771
0.4133822515012991	0.5672454048891693