0.2627392154341255	0.5869486159611051
0.26148830354901537	0.5852294687883415
0.2604876965353843	0.5843450379153069
0.26019075088456856	0.5842144838260032
0.25984212768720444	0.5843531949704757
0.24388330995689989	0.5776165719440574
0.24320709997919432	0.5644446264958749
0.24295307504534608	0.5644764350190044
0.24263727505032107	0.5648950920058344
0.24230304114863432	0.5646874530874606
0.24206351065462392	0.5655556656318176
0.23213643312683047	0.5694772280962347
0.2710528677385424	0.5933075442835708
0.2707303380998978	0.5935270394811337
0.26991486874672505	0.5939390188462063
0.26925302521470035	0.594539327801778
0.2687201025345838	0.5950443506414718
0.26637277583608854	0.5928866677804772
0.2662889524594348	0.593033600285304
0.2661823121654696	0.5926880617688103
0.2665013655916396	0.5928285753708629
0.2666376366232887	0.5928311377364806
0.26666752527160076	0.5930519571805909
0.26657486222222976	0.5932876019197234
0.26661965326879716	0.5931871199294216
0.2659113999566149	0.5929678581687794
0.26570735257807426	0.5926225102693645
0.26574290499973696	0.5925716341407596
0.2654215147408253	0.5928639514254238
0.2654786480758499	0.5934469622086438