0.23828302777649218	0.2176553781754946	-0.946492120952388
0.2386543468481564	0.21982779284643458	-0.9458963179031542
0.23053675669986803	0.220805594105325	-0.9476801640965692
0.24190176896736357	0.2097437045257049	-0.9473600754635453
0.23217895462723856	0.22156035963017467	-0.9471029194700807
0.23326619967710843	0.22102053761700838	-0.9469618799295397
0.23796042985207544	0.21677796319061882	-0.9467746027960099
0.2401195439398047	0.21448029779421252	-0.9467527694579225
0.2411677763632293	0.2152577949945166	-0.946309772399141
0.23877498104205402	0.2157264694468067	-0.946809695138565
0.24136440046028146	0.20991188276767045	-0.9474598818226451
0.22349981913310923	0.23298191884286087	-0.9464498171270181
0.242037668913774	0.20896481557451707	-0.9474974789827646
0.24175251496831215	0.2108780192136898	-0.9471463363805018
0.23098109478019133	0.22407393784493707	-0.9468044170961644
0.23087978747242377	0.22243971285995082	-0.9472143885517529
0.2368988045050518	0.21361052729591448	-0.9477602539948795
0.23319272978237132	0.22005328707846597	-0.9472052056564132
0.23666961123182112	0.2154914170613299	-0.9473916530623852
0.23108053479567778	0.22360319722936017	-0.9468914386704272
0.23188342382448687	0.22353348360280198	-0.9467116031103818
0.23443472261277137	0.2204671115814384	-0.9468023096425202
0.23846043242627674	0.21381746119640416	-0.9473218647611789
0.23334289560890956	0.21840908756367672	-0.9475487130160918
0.23406003701012523	0.21878769184683072	-0.9472844583181733
0.23306207179165375	0.21644595030050376	-0.9480681522394335
0.23319800414903125	0.2160247854878386	-0.9481307836558424
0.23339396713523153	0.21493360624468044	-0.948330533628194
0.23348459435259533	0.21430756860560818	-0.9484498986442861
0.23782084443006	0.20538619633647345	-0.9493459623914818