0.5541797323738051	-0.22627818474936431	-0.8010511889590017
0.5534824169944023	-0.22750997078387544	-0.8011843903072219
0.5526444407112376	-0.23167556303929282	-0.8005688949999181
0.5523196717234066	-0.2290766473897765	-0.8015403108066421
0.5523236015929496	-0.22785372915548144	-0.8018860999127826
0.5514979438255074	-0.22753506380696256	-0.8025445861100795
0.5517797631008796	-0.22684313352947819	-0.802546749917327
0.5517202683561822	-0.2268528190872198	-0.8025849138609344
0.5517739503164806	-0.22721727328798266	-0.8024449005830371
0.5527345136860367	-0.22623599264702285	-0.802060990830047
0.5535992457958139	-0.22649183860455413	-0.8013921150721629
0.5546351356944955	-0.22916822031310916	-0.7999136159934214
0.5552116214040511	-0.22794902706620718	-0.7998620484292616
0.5561767073774009	-0.2252876539597587	-0.7999455876146458
0.5565047929413423	-0.22361729581266754	-0.8001860536442408
0.5574197203293292	-0.22412798492245692	-0.7994059680553876
0.5560796375331107	-0.22443898208622198	-0.8002515729701161
0.5564175562186268	-0.22382644581815941	-0.8001882436552675
0.5565751522319807	-0.22242606644731006	-0.8004690780303286
0.5572286284689886	-0.22171287758263805	-0.8002122565473464
0.5564713640527232	-0.22345474395693435	-0.8002547084475308
0.5562200498820505	-0.2240769856467242	-0.8002554346036566
0.5564695473742057	-0.22415862568168593	-0.8000590936784885
0.5571873611334062	-0.223045969006178	-0.7998704522004089
0.556782379805829	-0.22436938583073918	-0.7997823205345904
0.5576700892168804	-0.2238810112334689	-0.7993005469796177
0.5573515536381604	-0.2230229501326371	-0.7997624705944035
0.5581854224991758	-0.22245459649978544	-0.7993390936301903
0.5578131627453522	-0.22464048880378473	-0.7989875632686807
0.5588537253437441	-0.2239817834437337	-0.7984451605181054