0.42350240645105924	-0.1798770113508365	-0.8878569549863609
0.4238635026040273	-0.17962793126211699	-0.8877350604041377
0.4237102899511999	-0.179746028281442	-0.8877842955957923
0.4237637852796408	-0.17999145510277367	-0.8877090347492566
0.4234967767834962	-0.17997658600677396	-0.887839461019466
0.42321814481945186	-0.18016516961365023	-0.8879340704994183
0.42344264331892656	-0.18008710828110067	-0.8878428696847386
0.423632540356738	-0.17996948852636396	-0.8877761282837333
0.42351740445351765	-0.18005199742247144	-0.8878143310113517
0.4232844155530576	-0.1801016124703454	-0.887915374760167
0.42332668577389565	-0.17993356874974759	-0.8879292922010565
0.4232833261850047	-0.18019819757642788	-0.8878962976406454
0.4232084788746415	-0.17999256350042284	-0.8879736823201227
0.4229671554922338	-0.18012506230675554	-0.8880617925030869
0.42305937579282105	-0.18013639881058807	-0.8880155642652562
0.4226185309427616	-0.18005266789666902	-0.888242429794408
0.4227100566616815	-0.18004896193783007	-0.8881996280691565
0.4224332215389879	-0.1798473576385565	-0.8883721637301686
0.42232676772988875	-0.17988745533015088	-0.8884146580700183
0.42231229415455895	-0.17966046588374543	-0.8884674688497879
0.42225331612143363	-0.18044567157158625	-0.8883363645801808
0.42240510820183086	-0.1799998286434748	-0.8883546511688445
0.422195755950091	-0.18004432231694917	-0.8884451506194186
0.4221245798498501	-0.18005952599311517	-0.8884758894791249
0.42198059159586254	-0.18001973903868418	-0.8885523472890328
0.4217409902504285	-0.18016934552654817	-0.888635776949771
0.4218475066451324	-0.17982518211146847	-0.8886549302264981
0.42209507702629123	-0.17986285406321378	-0.8885297404580245
0.42207117505584674	-0.17962680765195835	-0.8885888437065498
0.42220003662218736	-0.17936451821251378	-0.888580608995389