0.380319314538213	0.42988204730113
0.38065992772350116	0.43040423386513116
0.38064844881081383	0.42995601216989754
0.38035127615512915	0.4300094482396969
0.3803209390421652	0.4300899371215354
0.3802748202095843	0.43046837899538526
0.38011874418156305	0.42973256157674966
0.38036560747604325	0.4299747377713359
0.3804209415734149	0.43012613397834654
0.38046813694810294	0.42988290445189936
0.3804971145037234	0.42975186684615585
0.3803179980717386	0.42979814719422427
0.38032581332710164	0.42958692676664545
0.3805912317791138	0.42978632351123713
0.3804171269936814	0.42963393259433924
0.38091707363198096	0.4297404964771495
0.38078999834346133	0.4295288658421651
0.3808028005252803	0.42945034934138904
0.38083282536236196	0.4294066605140785
0.38072281714920075	0.42907998922152535
0.3807613535452695	0.429594907501761
0.38045673196916596	0.43011272173521486
0.38050620263383467	0.429949147970062
0.38041022736569924	0.4303047903550593
0.38028283293043713	0.43044094744099426
0.37999721782937895	0.4301025196775179
0.37979463073037634	0.4305337681318949
0.379622046485324	0.43036805568664493
0.37944517873496325	0.4304448716765754
0.3791684835115249	0.43038663877397676