0.660172878495553	0.7543687269874185
0.6602569198025734	0.7542437784927173
0.6603165572854174	0.7541024787870675
0.6601423558693531	0.7545999897996748
0.6602630035476365	0.7545358901026268
0.660181848593686	0.7547141309519351
0.6603401706166805	0.7546905544407343
0.6604136192568204	0.7545651053811328
0.6603521785154952	0.7541053387792188
0.6604970056717272	0.7543418757187044
0.6605435988936055	0.7546453051883056
0.6607691078570169	0.7547693138416205
0.6604691702216018	0.7551173788499019
0.6604788155245862	0.7555158754023521
0.660648464165973	0.7552661217934014
0.6607190329658964	0.7551891458164545
0.6605866429024555	0.7549867039958365
0.6604551691364822	0.7551952723955122
0.6606405711682468	0.7547315093809839
0.6605885891076041	0.7543981308811426
0.6605968620387832	0.7540797728552775
0.6604210924273363	0.7542637131235901
0.6604815351169496	0.7541004544765245
0.6605570481911743	0.7535569883069592
0.6605427506137167	0.7535646117982245
0.6606238359010618	0.7535233777376771
0.6638380970832463	0.7527393200531547
0.6249160008070398	0.7912756527137184
0.5984954092689977	0.7991103014196677
0.5988705937362895	0.8001400968691196