0.5729948196232757	0.07899993619555114	-0.8157425738344104
0.5729332924984215	0.07900311957207734	-0.8157854800404322
0.5726388606261109	0.07898459769289812	-0.8159939758528371
0.572769299605277	0.07927220075142619	-0.8158745293350601
0.5728094099347557	0.08023023568428066	-0.8157527132484707
0.5732654275676825	0.08024758895673101	-0.8154306065032596
0.5731092187362089	0.0807049510608594	-0.8154952693141981
0.5731578827633512	0.0812650097924526	-0.8154054449227482
0.5728597551900501	0.08094345175045015	-0.815646895722848
0.5728488676210483	0.0807524112080288	-0.815673478145129
0.5727574944253071	0.08064875873592987	-0.8157478962853647
0.5725039202968989	0.08056827193928502	-0.8159338299160044
0.5725460805093019	0.08034024767407615	-0.8159267309612451
0.5721395786628335	0.08057926099367758	-0.8161882657973147
0.5722954352731809	0.08045332527235348	-0.816091414743533
0.572111895346234	0.08068486911237041	-0.8161972378657376
0.5728509456195945	0.0804084022112353	-0.815706002770957
0.5729649391976854	0.08042807558715674	-0.8156239961572607
0.5737098256977526	0.08042425891690201	-0.8151005916299665
0.5739714512890753	0.08079685304821109	-0.8148795258457647
0.5738416448584497	0.08146520525822255	-0.8149044035703725
0.5739703398661342	0.08257406570455403	-0.8147021373649233
0.5738284688538037	0.0830650152611038	-0.8147521657366562
0.5736845247837259	0.08279361161080953	-0.8148811471006733
0.5737214695857463	0.08274067356038917	-0.814860513385662
0.574062140140248	0.08321967314882583	-0.8145717557456807
0.5737752181069405	0.08356782671180477	-0.8147382508664968
0.5733325494585143	0.08387962288773279	-0.8150177891283182
0.5732130492911677	0.08375415542587283	-0.8151147413531546
0.573072968327189	0.08381742986932023	-0.8152067292550804