0.5872498893897465	0.9315954618577313
0.5890106378175524	0.9288745004862546
0.5903326508405261	0.9298360241420894
0.5917400738450874	0.9310226771025274
0.5923538627113171	0.9314741778376527
0.5926859033494031	0.9316089736199462
0.5941715256350631	0.9317497487603174
0.595911882432114	0.932014635926803
0.5963428080540844	0.9318192778133962
0.5964050262529061	0.9312248449037124
0.5963592312612352	0.9313020588148504
0.5964597367482684	0.9312707393604016
0.5964847714437971	0.9312170646071545
0.5973606994937211	0.9311361214244157
0.5981559624695449	0.931018035372062
0.5990564601739459	0.9308730015137258
0.5969224046268354	0.9299510912319002
0.5971178496022724	0.9294542605206286
0.5972033410181853	0.9296400702292275
0.5976223670976947	0.9291447587279305
0.5974224032659492	0.9295541506922606
0.5978243269457604	0.9295908462116526
0.5980753465139464	0.9294266951388639
0.597911725048672	0.9290463926926709
0.5980968101798382	0.9283884734516613
0.5981049558972417	0.9288214608261238
0.598060923631247	0.9277743380489641
0.5980890872714838	0.9280659505533022
0.598033577126675	0.9284447779919598
0.5981126988235235	0.928567739741394