0.48311752723470097	0.3632766230314296	-0.7966351423565926
0.48251616193985936	0.3637289020696546	-0.7967932224021682
0.4824018776865857	0.3638053624830681	-0.7968275137274189
0.482158558567602	0.3628093269232632	-0.7974286906661315
0.48225292823256033	0.3621047987656607	-0.7976918126206395
0.47390511109554906	0.36224226509124	-0.8026172730879164
0.4807550598541055	0.36325157564114463	-0.798074473479074
0.4835781565481029	0.3612678678870376	-0.7972688970114741
0.48100609090317575	0.36317668925162666	-0.7979572876403055
0.48225097325367416	0.36057203005674643	-0.7983870051150888
0.48189155657298405	0.3617312297966897	-0.7980795982190254
0.48162652472695994	0.36141422310246346	-0.7983831473789221
0.48181660221546196	0.36263280848291374	-0.7977156185266413
0.48148968052846697	0.36256104806894146	-0.7979455958696343
0.4811888011619558	0.36258191012709706	-0.7981175953986388
0.4808322594085432	0.36259965781344566	-0.7983243867411589
0.4833596274695458	0.36097490017122713	-0.797534069478461
0.4829236526048326	0.3610312223206612	-0.797772650737324
0.4826735946126665	0.36094070846289067	-0.7979649152926424
0.48192079988309067	0.3617738431060163	-0.7980426236012369
0.4811521289472075	0.3631190725927728	-0.7978954617798841
0.48084226185358164	0.3630214740347319	-0.7981266369475349
0.4805140089298207	0.36303406034912217	-0.798318581926177
0.48244062959354206	0.3615530676570898	-0.7978285644078775
0.48198811938476666	0.3615949127032908	-0.7980830607643765
0.4817318041617984	0.36152042467280915	-0.7982715398931685
0.481463166015325	0.3614402686332512	-0.7984698816992553
0.48114754971258034	0.361343714931838	-0.7987037968388774
0.4808548303114694	0.3612521498464673	-0.798921470732533
0.4805496524093859	0.36115486690972726	-0.7991490434685108