0.27617785319508714	0.6250564643659267
0.2749569367027156	0.6253761309437185
0.3045627977637897	0.6476567619232585
0.3004887147267921	0.6525184002265365
0.3063194249712481	0.6651846733636934
0.3261105020967537	0.6637779414982361
0.7526686940963694	0.7844459151617846
0.7558867054250342	0.7387811393740641
0.7571771092714513	0.7872294660524757
0.7379250591079125	0.8180064786943069
0.7630839958888319	0.7731848984516683
0.7463699485233575	0.8188969696651771
0.7629885621675476	0.7716298378389819
0.7642053523114453	0.7750813984848581
0.7767130505686528	0.7309541334523
0.72964233134839	0.8219337185129375
0.7394196709513235	0.8126754076499422
0.7658072018112901	0.7725787028851904
0.7687803264171399	0.767430370477932
0.7286857287854563	0.8248785092103199
0.7638760540592654	0.7782565162526346
0.7639175568670311	0.7808181968688361
0.7647378849713349	0.7805662018882892
0.7264649990590506	0.8381175043062729
0.7417104414802157	0.8199860094755032
0.7765899149486262	0.7495065541666551
0.7304632403498075	0.822652666791436
0.7755925191390748	0.7524989958521622
0.769756921368748	0.7642848249068954
0.763484022648548	0.7779217445969601