0.32120361397882113	0.6355807161885743
0.3212281048594724	0.6355127946427195
0.32104878782991725	0.6359019312613391
0.3214587640443273	0.6359972313695015
0.3209518142977506	0.6349318257492643
0.3208945690729214	0.6352060044913689
0.32077885477665957	0.6356134862448335
0.32074948136100856	0.6353762966989924
0.3210992891386429	0.6358032670913782
0.3209145654343955	0.6353840473979284
0.32075129539313674	0.6351772046665991
0.3211067441721802	0.6353638486488784
0.32104812628625323	0.6355469862739276
0.3212426075130728	0.636018629751004
0.32105053043920806	0.6356069628667094
0.3208914531248578	0.6357481411114956
0.3211603936779247	0.6357016447946433
0.32087247478989483	0.6358711610442984
0.32069591006793374	0.6362177002320013
0.32126523793699524	0.635788136452227
0.3207717550435851	0.6355627869462313
0.3210406964475804	0.6360330195553775
0.32114659128773254	0.6359390819689044
0.3209139688342906	0.636222198123275
0.3212937126090016	0.6368841312627875
0.32092071103887154	0.636177380000569
0.3201129225794622	0.6362046916414006
0.32017873634264243	0.6428374350030474
0.3118249752341173	0.6363096831825377
0.31806668546711625	0.634670721741804