0.3525361940558734	0.7100185017111773
0.3525327389134582	0.7098707389588919
0.3523853709695367	0.7097557709172457
0.35238324624180023	0.709576738071074
0.3524935251805478	0.7098321127138285
0.3525925522626123	0.7099088786677288
0.35233673693052625	0.7099361655010477
0.35220638079679006	0.7099114564181779
0.3522517235453886	0.7101009982464603
0.3522711758893231	0.7099328424924949
0.3514564157849391	0.7100766267828913
0.351641843555395	0.7100960945754736
0.3515435310007514	0.7100033009625459
0.3517559954804269	0.7099807392051725
0.3513932559518741	0.7097425146355181
0.35154894751526006	0.710053377968962
0.3514640449398014	0.7098612589095236
0.3514681422638653	0.7098682232455895
0.3514537925167055	0.7103128106014345
0.35152597411766046	0.7101839965403681
0.3515614853964679	0.7107161555098078
0.35150807906586595	0.7104798066408178
0.35154101535764	0.7103270470084317
0.3514703223992956	0.7104880031665357
0.3515372688957399	0.7105767104153626
0.3517966339124945	0.7104656608470501
0.3516860750899193	0.7107813500139497
0.3516046980159423	0.7111224337631807
0.35163371762632456	0.7107242600537373
0.3518453931754799	0.7103381747669171