0.10284310897727865	-0.508544313922112	-0.854871906026497
0.10268228663351606	-0.5082051932284398	-0.8550928777550171
0.10209086407089114	-0.5076351635387316	-0.8555021894842023
0.10221318466739156	-0.5076366658082369	-0.8554866921274965
0.10241401389498316	-0.5078185884901021	-0.855354693061211
0.1017810894506348	-0.5074374267631513	-0.8556563958448704
0.10201796010757803	-0.5081100305780527	-0.8552289358069329
0.10164809438072338	-0.5078159372498241	-0.8554476248046109
0.10131513457015992	-0.5076355810508979	-0.855594156337073
0.10216768403028628	-0.5077605367798695	-0.8554186119257088
0.1014955144815042	-0.5076487823542587	-0.8555649445333611
0.10186689017091281	-0.5084418793907455	-0.8550497014609817
0.10181201908472906	-0.50889328720499	-0.8547876549223147
0.1021411931382491	-0.5094522531960722	-0.8544153430140051
0.10228841177241839	-0.5095544058509403	-0.8543368119746283
0.10233333613977337	-0.5100246042131298	-0.8540508131321838
0.10254174379679967	-0.5091495508099316	-0.8545477901727652
0.1026262758939202	-0.5101802592686673	-0.8539226841750372
0.10231397145701351	-0.5104620466959878	-0.8537917486879553
0.10304252099144938	-0.5104086798430582	-0.853736035557006
0.10261748801771253	-0.5102058266574706	-0.8539084644138982
0.10157125976095062	-0.5124564769302985	-0.8526849584944958
0.10140543385915521	-0.5129958453696547	-0.8523803145411735
0.10186516168894282	-0.5131350341803392	-0.8522417060498904
0.10200669741324343	-0.5125912532062403	-0.8525519578414555
0.10167843533241372	-0.5126856618689373	-0.8525344027676314
0.10138605758843974	-0.5126263706664187	-0.8526048741498309
0.10139872178757783	-0.5127950839676944	-0.8525019067887243
0.10150748046543481	-0.512815931087776	-0.8524764232705423
0.10160989816937278	-0.5129048091466312	-0.8524107491979834