0.5186603654399031	0.480472693098272
0.5186410036500966	0.4804108140457346
0.5187882757077018	0.4802294143147211
0.5188075831301098	0.4802704024894896
0.5188653602827387	0.4801419738065362
0.5186533040994314	0.4802556747344895
0.5188111710944482	0.48027333258662785
0.5188053289071954	0.4806521341551111
0.51845548191767	0.4803400592829329
0.5182405459950197	0.47993631308933293
0.5182893798719564	0.47948227264158105
0.5181686285208692	0.4794554638716043
0.5183482763384221	0.4793971649562776
0.5185305542114632	0.4792440782214924
0.5183125186781328	0.47931728146257735
0.5186835485317224	0.47932325826618083
0.518714215232502	0.47931278018001555
0.5187822611936593	0.47891851522588214
0.5188412898955456	0.4790602828064524
0.5183716634320897	0.4793067076860733
0.5181102302598196	0.4795252642761396
0.5180123524711854	0.47987303949395
0.5175830699657902	0.48000372939055547
0.5177936318007931	0.4800904231060301
0.517592610347925	0.48058533232933165
0.5174437438488116	0.48072347844585617
0.5174130962442528	0.48110352779441967
0.5170235380290443	0.48134648665456126
0.5171019639505468	0.48154182975735105
0.5170294271724928	0.4814564669191146