0.9209132461890441	-1.6972666013008673
0.9238527190500768	-1.6938227632740124
0.9508560927031363	-1.7037408680570956
0.9208430574234684	-1.6995061879053919
0.9234865205635615	-1.696666488405877
0.9637659772504491	-1.6038159924610436
0.9730672454821917	-1.592882569110411
0.9650664887496078	-1.5958089060653264
0.9782027020768618	-1.5875297579804313
0.9605984498191986	-1.5990791580181594
0.9739960523872425	-1.5909279539268995
0.9655410717998408	-1.594259803654835
0.9784365582061494	-1.5964860940282148
0.970095310067983	-1.5799097404554419
0.9728507495733292	-1.5744360141072826
0.975079510925474	-1.5673187590527338
0.9959836751363101	-1.59006149720485
0.9208139649477969	-1.6869487091443855
0.9487335338601545	-1.7084748921373205
0.9267381895257235	-1.6983990378812304
0.9272860190814719	-1.7009348218407114
0.948695003970875	-1.7064343997453626
0.917012773441114	-1.7080379053932584
0.9520681698597809	-1.7085438542977098
0.9197971957695958	-1.710693860967444
0.9211250656719485	-1.7027994379271933
0.9199060188946927	-1.7055019022205058
0.9464731663015152	-1.707440482924581
0.9244693385191673	-1.709301543843024
0.9251841415566979	-1.7014864697933934