0.511343828768916	0.620530556824511
0.5112396207134353	0.62059532014399
0.5112448480945085	0.6209581365676619
0.5111260446450382	0.6209396067970656
0.5111403343904951	0.6207652432308959
0.5109126328639233	0.6206949026371611
0.5106168693704386	0.6203618356405189
0.5103676897423074	0.6203878571852648
0.5104726836977046	0.6201561222157776
0.5105304889674103	0.6206247499810462
0.5099659650410306	0.6210835195521056
0.5099357431974105	0.6215430032423817
0.5099907210902968	0.6216021941565218
0.5103919906061212	0.6219369112716377
0.5105566914498542	0.621290067463588
0.5106537007655259	0.6219128471597439
0.5107365416392119	0.6217509839138149
0.5109029942457527	0.6216556646770119
0.5111099468223793	0.6218054324753837
0.5110673160708565	0.6215325887382508
0.5111136962831108	0.6213367319063865
0.5111369078603104	0.6210613375919046
0.5110203251025515	0.621077069083869
0.5109192106711233	0.6210883436581627
0.5110618369234875	0.6212113743247034
0.5108715494521026	0.6209360413432883
0.5109338209296677	0.6211803008372969
0.5105777950784629	0.6208632214527712
0.5105539536242805	0.621252248958643
0.5105193079354367	0.6213140104044115