0.369634159167451	-0.33311813778640054	-0.8674116062483209
0.3700925207527311	-0.33173738862143054	-0.8677452570158612
0.36926658078353414	-0.33261386050863917	-0.8677616101867939
0.36740663568832266	-0.3363068893810597	-0.8671274647980098
0.3688110432918548	-0.334013284941512	-0.8674177423989862
0.3678541065686701	-0.3336440469614839	-0.8679660167355221
0.3675901060335638	-0.3345397822666948	-0.8677330511321935
0.3672872298493845	-0.3331878717849866	-0.8683812140327293
0.3673323572937754	-0.33521923951974375	-0.8675799679227285
0.3678044975053665	-0.33446207033870706	-0.8676721587786315
0.3663594336314662	-0.3330092040785112	-0.8688415479178168
0.3671273776521317	-0.33356948803199304	-0.8683023006029313
0.36803632392589225	-0.33334377954481786	-0.8680041410672483
0.3678093754313853	-0.3321522240167376	-0.8685569431105306
0.3688659939780377	-0.3329973417214421	-0.8677849093485364
0.36805393337959014	-0.33243979870275486	-0.8683432975282782
0.36866333639955723	-0.33282999505310473	-0.8679352157780541
0.3690814794616557	-0.3320511178935846	-0.8680558257531691
0.36903945862972315	-0.331680670472909	-0.8682153021047961
0.36998387663711524	-0.3331356061843539	-0.8672557863287825
0.3688053322730368	-0.33293588704773175	-0.8678342710464452
0.3687957382684747	-0.33382891642066487	-0.8674952207340485
0.3680009085222648	-0.33262356007805666	-0.8682953982417431
0.36740712116407914	-0.335408591085203	-0.8674751203026878
0.3691296355878558	-0.33530749219173156	-0.8667826704606343
0.3683132096413369	-0.3352422287017622	-0.8671551347358627
0.3682413787553661	-0.33595304876226145	-0.8669105121058855
0.3689062687760768	-0.335199582753203	-0.8669194914060887
0.3675238809037569	-0.33670582924053377	-0.8669229386288528
0.36840863052253187	-0.33678848308084736	-0.8665152039177468