0.43592769436569623	0.8426889871535634
0.4337299698376383	0.8073644540497583
0.4317599028488583	0.8050524812649311
0.4314367525014726	0.8037888590735321
0.43050638578028966	0.803865006136783
0.4301406892127094	0.8035675827372752
0.42979495539103124	0.8034479124655839
0.4295610038625675	0.8033511699798288
0.42923850099438	0.8031750150235105
0.4288802452691497	0.8031399237155439
0.4291600056827004	0.8027644757387791
0.4290079194395252	0.8033259185977153
0.4290235995630877	0.8031835155693621
0.4288730468538758	0.8030236798153045
0.4293610647785653	0.8032783114716244
0.42958070292324957	0.8031253487332086
0.4294037069004479	0.8027986603551105
0.42941843468994934	0.8028396892502137
0.43010803650737023	0.8028422673607152
0.4299407632739946	0.8027355660073751
0.43005365269174783	0.8016139495358419
0.4300493979353183	0.8018402747645814
0.4298864867973908	0.8019963426001386
0.42996136226304643	0.8014401029516716
0.42961927105171455	0.8014188471882634
0.4294433331818275	0.801593392612119
0.42897074135231045	0.8017175551709129
0.42936959874652275	0.8019415004069559
0.42924688593744376	0.8018998513359269
0.4296537646193974	0.8021011031445298