0.6928877578995108	0.8447601851774236
0.6929487863876592	0.8444632426447005
0.6928294863803395	0.8447073788471492
0.693017362664946	0.8442938744261044
0.6930770859168003	0.8442120169891671
0.6927362559749384	0.8448895243393243
0.6924234096117133	0.8456776292317949
0.691641251525706	0.8453611178880543
0.6852347911805989	0.8458582414878525
0.6855096447367911	0.8446536678200937
0.6769791042092601	0.8800515558717692
0.5312251085771004	0.9401494265176732
0.5241553659821643	0.947766084497841
0.5314558396856919	0.9422175922674714
0.5388336362890372	0.953673080640137
0.513171515321581	0.9546986500384886
0.5279644342303732	0.9519634551165814
0.5104062773219417	0.9523257095003111
0.5274391534143404	0.9540848772313467
0.5293616642097133	0.9519929628916084
0.5234860237156949	0.9362734799685212
0.5326932260624535	0.9520518685100656
0.5060160443185009	0.9559322696515152
0.48776231741572235	0.9624482293889515
0.5177580191671728	0.9715770592311684
0.5097828675579299	0.9601636877791928
0.5361514206382283	0.9503575416001672
0.5067709275355099	0.9510763286767145
0.5363608682189168	0.950242738706474
0.5074148730708326	0.9499532035216337