0.5773636144918685	0.2738492755834014	-0.7691929737870279
0.578033755981547	0.27505754581332176	-0.7682579797418428
0.5786057411847438	0.27670806394484554	-0.7672340214145541
0.5789471181993899	0.2783725120916012	-0.7663739158142276
0.5797809811171829	0.2791568942886817	-0.7654576685264146
0.5804135943661959	0.2794440342977315	-0.7648732517027389
0.5808901901749792	0.2799581403512778	-0.7643232474611319
0.5804667840888228	0.2799327973898154	-0.7646541319545017
0.5808276460480171	0.2800068754945649	-0.7643529258543403
0.580644978019961	0.2805425603630066	-0.7642952841181003
0.5807057484382325	0.2803567447501386	-0.76431729628728
0.5804726486948328	0.28067204311300414	-0.7643786419909816
0.5799330532766698	0.2814832773379583	-0.764489907255996
0.5804125759182442	0.28147513540758445	-0.7641289091921797
0.580478422968557	0.28154649214714983	-0.7640525984692231
0.5806944086029798	0.2821361882926536	-0.763670855194126
0.5812286865032287	0.2820047241931531	-0.7633128778675721
0.581345900880352	0.2825035587435507	-0.7630391096312437
0.5814904113711595	0.2827269676835805	-0.7628462251514699
0.5811701692944373	0.28249126888747983	-0.7631775136392689
0.5816680483283595	0.2824409563367342	-0.7628167458423211
0.5814402129261922	0.28269651504494814	-0.7628957721561875
0.5818294795330001	0.2823370806348982	-0.762732082480422
0.5816358660942709	0.2822880315677275	-0.7628978873390494
0.5817212655041737	0.2825466451318076	-0.7627370205942432
0.5814700705217377	0.28301256648439055	-0.7627558221995842
0.5815242428744276	0.28288243187787276	-0.7627627971290841
0.5823957602296858	0.28292247202730697	-0.7620827076429725
0.582121595153261	0.28361013203603486	-0.762036574885173
0.5833512768287226	0.28405403296363224	-0.7609300849482789