1.4533464532408562	-0.8628007437088041
1.4546584167160237	-0.8627869844480343
1.4537384049176572	-0.862135526238172
1.452612835749057	-0.8616704865930589
1.4514485652965936	-0.861134139763777
1.4494396938792125	-0.8617048607381851
1.4475524322184916	-0.8615114263188156
1.4478528112506674	-0.8643800114432709
1.4179928998696787	-0.9229518349540707
1.336912305055255	-1.4177240843518615
1.3228852307036802	-1.3955554842102005
1.3168797796994427	-1.3974516695504071
1.3425845725455912	-1.4085909424340681
1.3401402284121502	-1.4101400869631162
1.3400572602000798	-1.4108462843289
1.3396513318430479	-1.4126240338435574
1.339782716570398	-1.410455833600374
1.3373662969205073	-1.41329742586039
1.33911532099998	-1.4082082735882888
1.3368742970769685	-1.4066510174626614
1.3337312503778966	-1.4107898354435553
1.3338409914188847	-1.4099502943463842
1.3344344956597762	-1.411250288057549
1.4320049030276065	-0.9193750645455394
1.4373461871784519	-0.9100321185844747
1.4402071032257207	-0.9078809078593374
1.4428986327540378	-0.9036602369861232
1.4435031832025407	-0.9002960564444603
1.443180891139512	-0.8977563825352579
1.4429252476706815	-0.8961049698645367