0.5632568333921928	0.47188907516730316
0.5632799179708655	0.47182195742465083
0.5635360451862034	0.47167820222393353
0.5636267513797676	0.4717095341555724
0.5636959740018803	0.47143302952569155
0.5638451400405377	0.47194938334564007
0.5639087313837403	0.4715822313697796
0.564121751070913	0.4720457887327999
0.5642785897439273	0.4715602239638982
0.5646136271522737	0.471303394071347
0.5651287444358319	0.4718073938691615
0.5649563155330006	0.47178089198702977
0.5647696615037161	0.4715579918155903
0.564974206368167	0.47145733392589984
0.564572745467175	0.4712186329545064
0.5649195657764409	0.4712555858438193
0.564691429331383	0.47082459813285515
0.5648358377657368	0.47101797766419273
0.5649038065624866	0.4712237849345813
0.564562717087096	0.4707105181015392
0.5645914834284875	0.47084240583757553
0.5644832428709818	0.47088466337758406
0.5648688608476062	0.4713333887475105
0.5650135223093682	0.470971896747015
0.5648170232162417	0.4711045804777463
0.5647114242717918	0.471849316988872
0.5648805491011407	0.471958011495341
0.564883137522043	0.47207176627028535
0.5647404463020453	0.47224156188054867
0.5646570802180858	0.47203507849476245