0.35007411072288724	0.6293087157359469
0.3499393093914897	0.6294957676039037
0.34965679127897864	0.6287085127692551
0.3498005055301644	0.6281015445940241
0.34973613232152423	0.6291541888007028
0.3496051305382329	0.6292602093542963
0.34987511264586174	0.6288720246488813
0.3498238317273768	0.6285668482832205
0.3498833475344217	0.6288735441044488
0.34988256218717584	0.6290725056942992
0.3497710426626767	0.6285643063993471
0.3497531400876978	0.6294951029853422
0.34993161230427366	0.6290735877348448
0.3447094233160777	0.5461731925423321
0.34995284209076855	0.6295541514387991
0.29487772439969046	0.6683017042680524
0.40630875205545103	0.6109340436283717
0.34894012191229057	0.6308463441584652
0.3490438783562204	0.6309363657699382
0.34884538761811473	0.631474823532569
0.3490178756405876	0.631201238180727
0.3491874773837873	0.6307062680669331
0.34902796232223954	0.630178915616987
0.348911666044193	0.6307515440956807
0.34994495766156	0.6304496795639729
0.315727806686976	0.6441615368346743
0.3241876765511017	0.6329672494377951
0.41465657418043084	0.6080421119342672
0.3965255236712344	0.6888631264981724
0.37618687802635126	0.6412095477557278