0.24615854749827157	0.3619945105757536
0.244759978763104	0.3609877371648802
0.24349662563653254	0.35998717951942794
0.24289901453507315	0.3598753739739817
0.24257849390107672	0.3595514354020428
0.24228433115820106	0.359561765649286
0.24199996773051816	0.3599875704713572
0.24171714749541628	0.35984250694654085
0.24146737890793438	0.3600997182977457
0.24126658934754286	0.3599116521983329
0.24113211370397622	0.3603847049848491
0.24088650641739662	0.3602750360462992
0.24077034735288572	0.36019294053178785
0.24076011993198432	0.35990438677979375
0.24063309496807556	0.35979101954910864
0.24072104909462733	0.35996988499091964
0.24060244976228995	0.3599103738285445
0.24054359012662146	0.3600641951827257
0.24059212560520435	0.3601763808468804
0.24061449191311418	0.3604539383534334
0.2405787608383913	0.36048327562452087
0.24065050546104827	0.36057123560610027
0.24090936935170823	0.3607123033877787
0.24095617866046035	0.3607410237301948
0.2411389915189249	0.3608685901245221
0.2411435247021852	0.36064578957184046
0.24128301721044337	0.3606296095526573
0.241413985912914	0.36093237404158096
0.24143752555365056	0.36077304430199486
0.24160855611167747	0.3608151095005392