0.516689907442627	0.5315538864767062
0.5166235382660824	0.5317675893087617
0.5164750227842326	0.5317415360704705
0.5165147266135245	0.5318801597923708
0.5164994260002373	0.5318976085859648
0.516391078983103	0.5318132091393516
0.5163427443884123	0.5321224941360896
0.5162483502340723	0.5327086132508263
0.5163079722718475	0.5327358166162591
0.5163825160582421	0.5326572331335147
0.5164537020683657	0.532351164456659
0.5163033988847109	0.5324430477503865
0.5163877941863251	0.5322504269677968
0.5157805580750094	0.5328529821928104
0.5166668567531169	0.5325904771073807
0.516694446809564	0.532666253910518
0.5166187627608086	0.5322045932004074
0.5168194916669432	0.5318242278203692
0.5168359364135011	0.5315981111475458
0.5168306904669406	0.5314384321111643
0.5168840451555374	0.5313006408653049
0.517045251587655	0.5314724460392153
0.516923832411875	0.5313467530820329
0.5170616236546468	0.531405904146083
0.5171018380938573	0.5314990507581723
0.5171127887873241	0.5314923622858357
0.517230778801487	0.5312733543515842
0.517276246089734	0.5313620677997826
0.5172066873201031	0.5314791295120498
0.5172230209241998	0.5313111774922572