0.2813337470175961	0.6817131657938095
0.28116913223031703	0.68125232769232
0.28109173020694056	0.6808482670049095
0.28085115967319363	0.6804062615186808
0.2807890210916199	0.6800542045469098
0.2807603996390276	0.6802936077179208
0.28082177481555	0.6807841968397812
0.2807806352746347	0.6808905412974234
0.2809279766287804	0.6809514268255039
0.28094490712794107	0.6807412940650405
0.2811097602296945	0.6810725120900638
0.2811753157924241	0.6810557644484607
0.2811763821706806	0.6811072194016453
0.28129962299426087	0.6811304828645807
0.2811761235612804	0.6813172088956234
0.2813383244206995	0.6810689286732323
0.28127441339440246	0.6814075977546944
0.28123924947766515	0.6810306585305108
0.2813792640164679	0.6811056374560733
0.28109386870399367	0.6804177279936556
0.2810655901386697	0.680554312072277
0.2810833091814434	0.6806494605870326
0.28115887466220374	0.6804574227031253
0.28097266637958435	0.6807666505790896
0.2809096864863468	0.681018114725783
0.28108058304500794	0.6813437516329679
0.28118162819151377	0.6812812256340458
0.28117969286738415	0.6808131186983932
0.2809291625424352	0.6813010367453782
0.2810811995914807	0.6805865531603544