0.4522675365992921	0.7323059916831861
0.40166959636548355	0.722985690017463
0.40590708782667007	0.7415828602256928
0.40375819233270854	0.7391763648653469
0.40251333771880476	0.7351960417650392
0.4023820605713292	0.7346235113766126
0.4022442448150602	0.7343432368292733
0.40195806596099665	0.7335838104792909
0.4021682081181158	0.7335914050748495
0.40186272924968386	0.7333479122102864
0.40214202849717895	0.7333315368473283
0.40201120328628237	0.733036846867245
0.4020582805202844	0.7329302480557519
0.4022157655612284	0.7326843572647235
0.40204821767021265	0.7323585749642377
0.40180634305189167	0.7324191990160291
0.40179649346535845	0.7320770140094552
0.4017401722173841	0.7323109547694194
0.4017291329773165	0.7320895615980174
0.4017704383844194	0.7317303328903199
0.4015235817857452	0.7316029479470827
0.4016601903041553	0.731691354625893
0.4018222305471012	0.7324244487063032
0.40193709069120004	0.7323391322077013
0.4018116767563521	0.7326702346053187
0.40187351342486466	0.7325137775265651
0.4019793922771106	0.7323503825807144
0.40177383776830394	0.7326243882068737
0.401884465232945	0.7324101492743771
0.4019003830939802	0.7323737829646773