0.687578128098167	0.43819045839620796
0.6950612740895413	0.442452372289035
0.7079397157295043	0.47490852942690265
0.714122692427582	0.47188348345925113
0.703252151175612	0.4441432933683188
0.6975976200291488	0.43766834404031363
0.6969413824978226	0.43590582881080064
0.6995953963844228	0.44058462360811423
0.7018001118910533	0.44499695861285105
0.6995433495339591	0.44268655174804117
0.7112190209708142	0.47536690972297835
0.7060805594239214	0.45218254333388286
0.6886137705538964	0.4319278613731684
0.697443613632295	0.4385728328266457
0.7007519217469327	0.44312901201770516
0.699932317266053	0.4409559062175944
0.7018216150010038	0.44475777665745875
0.6723706891235494	0.5159839345346109
0.6779528114372888	0.5239184253910872
0.6924496030999823	0.44161524666624996
0.690498371999839	0.43975598296218943
0.6855488282534868	0.43170779322802966
0.6861130407968481	0.4299576888466282
0.6857092376361016	0.42786674268816116
0.6903584771890028	0.4326062266772328
0.7035347057526533	0.44387241287701373
0.7024983297060831	0.44046203578560283
0.7040718312491525	0.4446026013826009
0.6892730947513672	0.43495585444319407
0.6934134180418716	0.4338966874970409