0.4511765781119455	0.3726014176419423
0.4510153096975099	0.37245995678175225
0.4509955060480694	0.37234564909105994
0.450813267608192	0.37223127772267683
0.45065699295972034	0.3721696624061981
0.45051608542743554	0.37249874654803117
0.45053141138926656	0.37245879863465603
0.4538066311842896	0.3709565463403077
0.504062696367231	0.366251181697404
0.5103394645655058	0.36378966484823394
0.510479379251066	0.3635052873577469
0.5105016834998507	0.3632008863126863
0.5101876247186332	0.3632163248960367
0.47203051918498024	0.37239810599672973
0.45832877835105246	0.37566731480391624
0.43411443111031767	0.38380560075699366
0.4379799416568483	0.38043813355284184
0.44300442685304586	0.37777006545322267
0.4439912622183531	0.3766564999600691
0.4445876597492327	0.37577758597081945
0.4448357872246637	0.3751338236154491
0.4451780370285743	0.37446025190074395
0.4455538331612286	0.3738946626560916
0.4460502067760183	0.3735497836816215
0.44982083812934237	0.3732565954965136
0.4510508958106336	0.372961724195216
0.4512053570526917	0.37302835438041215
0.4513738769865435	0.3729291661459009
0.4513972868159114	0.3727921155059756
0.4515381341854405	0.37297554308217273