0.6763344200650654	0.4508205133170762
0.6753261998203073	0.4504027394615169
0.6751873419765673	0.44997408880966794
0.6753077458256078	0.45030263650635605
0.6754380716674642	0.4499622542039152
0.675611984383011	0.45058537622436
0.6757705635428608	0.45077365691382343
0.6759026426425007	0.4509839222073896
0.676024868822127	0.45060691578305545
0.6760674509767125	0.45060171274084226
0.6759190267023493	0.4504338527219144
0.6757166981337593	0.45054611829236446
0.6758256029669825	0.45033205987535063
0.6759973166308424	0.4504023161702756
0.6759437548055252	0.45073445527068257
0.6758574374411289	0.45071812848418924
0.6757754013969978	0.45042217717196
0.6756938100429349	0.45030082336404775
0.6758274996359255	0.44993464198993616
0.6759526374569026	0.45025575160376285
0.6762208425513205	0.4503511363404904
0.6766367034081278	0.45031061856911525
0.6763931189848315	0.4504868553387489
0.676839695248994	0.4504552568230499
0.6770137603472942	0.45007210902087713
0.676766746371278	0.45016998114508633
0.6766596268406012	0.45005326261394607
0.6765373084957957	0.4498668426598542
0.6765156870970495	0.45014636005770114
0.6769721643396832	0.45022459281938987