0.22273267362974952	-0.08805536238217317	-0.97089464374539
0.22335255307099205	-0.08764890226437178	-0.9707890125915725
0.22353935943093978	-0.08717887707578639	-0.9707883385048514
0.22396905258876051	-0.08680116245022874	-0.9707231436819573
0.22440891824599152	-0.08690999578837391	-0.9706118122317123
0.2249761686139779	-0.08627154759884079	-0.9705374509160768
0.22482879415877224	-0.08733462908773883	-0.9704765200040749
0.22521805516041146	-0.08715462326462918	-0.9704024419143649
0.22553600717570693	-0.08762970585434772	-0.9702858053785596
0.22605729313549208	-0.08662581191926844	-0.9702546412821645
0.22592705186333467	-0.0874639191439462	-0.9702097866360261
0.22596348581882847	-0.08644774336043713	-0.9702923738464052
0.22545818378838633	-0.08692058255549084	-0.9703676724268262
0.22534481252718738	-0.08668154971382404	-0.9704153875564303
0.22529196512224076	-0.0868386214342645	-0.9704136150522392
0.2249219526905194	-0.08600464584495299	-0.9705737046154547
0.22462496344451297	-0.08562394897002691	-0.9706761381430623
0.224301414668911	-0.08566977097048474	-0.9707469112592582
0.2241229429745351	-0.08532268985990356	-0.9708186983301794
0.22422970641286444	-0.08490042866132848	-0.9708310645911179
0.22423361720202659	-0.08455422050852508	-0.9708603754972651
0.22403210971299883	-0.08439902652724057	-0.9709203974264815
0.2237990374282473	-0.0843192071729641	-0.9709810822811702
0.2241238048875526	-0.0841791521237299	-0.97091832325405
0.22437998125743053	-0.08344204911447647	-0.9709227819195986
0.22468121047539916	-0.08275126675993175	-0.9709122419193899
0.2252192700005656	-0.08245989597579129	-0.970812363938611
0.2257472507229788	-0.08233716071004997	-0.9707001446158459
0.2257158648158507	-0.0826443939379305	-0.9706813341777336
0.2257222311399614	-0.08253565616921439	-0.9706891056511942