0.41333454067137615	0.35435747571692155
0.41310225000471795	0.35444332614737806
0.41276942931299276	0.3547422925250424
0.41249048048896697	0.3544538811354053
0.41256495288900397	0.3543684027231574
0.4126575563837063	0.35395270129418577
0.41271173962641283	0.3536512383972289
0.4129182211259645	0.3531771708562814
0.413002238826894	0.35294869052856936
0.4131945130446677	0.3524301220593745
0.41296801828196444	0.35199122027196006
0.41329697572397067	0.3517697685390233
0.4132423456007729	0.3513321236786746
0.41330574559846156	0.3511793238219021
0.41351962037778006	0.35079249583360217
0.4136628139199785	0.3505011579479166
0.4136943711739645	0.35024699980379126
0.41377763562775643	0.35025100137726584
0.41394747030262535	0.35060565223537965
0.4141097340393176	0.35055283884518185
0.4141369025728505	0.3508281986738806
0.41426585395335835	0.3506121660715682
0.4144542769470218	0.35053335520549933
0.4144360336202814	0.3505415882659393
0.41454370955762854	0.3502352760048979
0.4145080595335054	0.3504611193908389
0.4143429702152819	0.3503694478472854
0.41440817988055406	0.35041993410474537
0.4143425005441109	0.3503045891435306
0.41435939968103414	0.35083355076861433