0.4939473229939192	0.16192729879148038	-0.8542807454304677
0.49347885737674857	0.16220582583382462	-0.854498617545813
0.49216636545354703	0.16132715386611415	-0.8554214272168453
0.492605699556058	0.16118857918942187	-0.8551946367370309
0.4924678374927107	0.16130651981701785	-0.8552517966656223
0.49239192925731123	0.1614164746825203	-0.8552747568491252
0.4920931043548165	0.16119129279600072	-0.8554891839019321
0.49174962864705923	0.16100900582094294	-0.8557209841823624
0.49146196316557367	0.16092068349785776	-0.855902840504705
0.4915719612351225	0.16124586456484208	-0.855778463206566
0.49154720505425303	0.16117865172478663	-0.855805344357893
0.49139776550512015	0.16133110779388873	-0.8558624362095649
0.49155609096083747	0.1610328058679255	-0.8558276957855501
0.49190292173910866	0.16060404753783228	-0.8557089782741525
0.49199185984283306	0.16050739856778026	-0.8556759812296906
0.49246591902008974	0.1611005090766642	-0.8552917306854649
0.4927320469246291	0.16120341418719442	-0.8551190497163872
0.49324101583380303	0.16143569034242672	-0.8547817371603714
0.4944825676039568	0.16228255845523365	-0.8539036020283682
0.49491429043296326	0.16301382549328994	-0.8535141110862079
0.4953232122502016	0.16320343766325232	-0.8532406186657071
0.4958702708160805	0.16331249872073375	-0.8529019300496261
0.4955253402827947	0.16272035081141872	-0.8532155205863459
0.49575314570335394	0.16252852576495794	-0.8531197435518055
0.49612425241585917	0.16318629517880429	-0.8527783763854598
0.49613781848666527	0.16306194556751782	-0.852794270017704
0.49590215568948504	0.1636927485429977	-0.8528104924641586
0.4958918177837056	0.16370334402101666	-0.8528144699824861
0.4952730384690281	0.16372209403306925	-0.8531703776451004
0.4949766748724716	0.16454279370081387	-0.8531844820279627