0.4118757118299989	0.40394717163756
0.4117169857520513	0.4037952140236418
0.4117201369800999	0.4040540915251557
0.4117061355928554	0.404128166125578
0.41174193700018863	0.40429269438040627
0.41169432205494694	0.4041331934798439
0.41204582194866624	0.4041139499870898
0.41214414529533	0.4038541130054655
0.41235015623310795	0.40373272116640413
0.4125806901554459	0.40359155641003197
0.4124877625550402	0.40337257376585833
0.41270012561309044	0.4032966394991053
0.4127152100763915	0.40297438340487346
0.4128470855306011	0.4027168975210038
0.4130602551940339	0.40254595803572013
0.4131413934156052	0.4022489357480499
0.41289333734625555	0.40246185044166605
0.4129584007621749	0.40229105737540083
0.41295211503850754	0.40189794091071795
0.4130636710173321	0.40237628420937943
0.41287749520064665	0.402885200771644
0.4127042767759855	0.4022854175419526
0.41267092049524523	0.40243029875069813
0.4125108716573985	0.40236559664168603
0.4127215218741218	0.4023081324059894
0.41296345500113385	0.40220317797504146
0.4131460486730839	0.402363149504801
0.4130882921094217	0.4019661723790583
0.4132659548091196	0.402198967533815
0.41337642754854736	0.4021761557896044