0.38988996279329674	-0.22216641410143	-0.8936598353726957
0.3896389581755187	-0.2223719953049415	-0.8937181759234818
0.38919870606147633	-0.22135992615331562	-0.894161143359222
0.38873742288883484	-0.22167387195397364	-0.8942840211804527
0.38836687570183004	-0.22154074641895274	-0.8944779860531686
0.38791534060048555	-0.22125395688905375	-0.8947448659186292
0.3877486066107658	-0.22112703787830595	-0.8948485073969649
0.38790059800335186	-0.22099602757348225	-0.8948149986815055
0.3874020105910309	-0.22061836820014402	-0.8951241354151571
0.38707739231433663	-0.2200266017165909	-0.8954101780168583
0.38701012141781066	-0.21987550137306605	-0.8954763703281703
0.38657538517863616	-0.2204477277849528	-0.8955234619419195
0.3865115067952834	-0.2202004529588895	-0.8956118666205465
0.38659928928460474	-0.22044906897166766	-0.895512812590732
0.3866520829549867	-0.21988503614727317	-0.8956286828954746
0.3868316382733598	-0.2197391473376673	-0.8955869532089351
0.3869351104049707	-0.2196718747263046	-0.8955587573074835
0.38685952418636255	-0.21933922548857396	-0.8956729384704964
0.386894708715845	-0.21901685426517084	-0.8957366253064962
0.3868754065740802	-0.2194289230455631	-0.8956441076226676
0.38738627364570194	-0.2190569508632057	-0.8955143367190793
0.3872824128341527	-0.21925893757751394	-0.8955098274177324
0.38718533090014007	-0.21900861259736681	-0.8956130565952718
0.38706472118648205	-0.2194572259361304	-0.895555373830814
0.38676098386415864	-0.2197908788750685	-0.8956047738393051
0.38685684067971254	-0.2199350216974321	-0.8955279845154263
0.38703298064118874	-0.22030157973781347	-0.8953617625636138
0.38691804963291	-0.21998503221199356	-0.8954892564799162
0.386743711416497	-0.21971511961451654	-0.8956308212051279
0.38695740804944023	-0.22010605446495432	-0.8954425102392278