0.37083604169499307	0.7283507988483258
0.37082629025079406	0.7281406232337446
0.37071846213779336	0.72778433451245
0.3706836870709411	0.7279866814329838
0.3706748452161853	0.727817754112092
0.3706151012607579	0.727760869460296
0.3706071283007325	0.7278592803592578
0.3705329951811339	0.7279940412221589
0.3703936594406373	0.7280337920326498
0.37039829577353267	0.7276872783132025
0.3705503228989754	0.727308100849101
0.3704793171682531	0.7270179560621326
0.37054876216264676	0.7267777698835778
0.37063515600037283	0.7268024442778915
0.3704825581351058	0.7270899733435288
0.37061183505875084	0.727390871735923
0.37063845778206544	0.7274289391658296
0.37064519756002584	0.7273337367124935
0.3705789080888152	0.7272626578319827
0.3705391246283398	0.7273139623255502
0.37044156725009064	0.7269631736712121
0.3705772074819087	0.726542511718322
0.3704774076085816	0.726656382667149
0.37046914119269614	0.7266746233517252
0.3705814174637561	0.7262879791074277
0.3704464141667774	0.7265221773956925
0.37063507438142695	0.7264588831035883
0.3705245858708313	0.7261106689213012
0.37046448743319277	0.7260201898475989
0.3704557751402048	0.7260935177301856