0.4319663900733193	0.7627982087056541
0.3956169226900525	0.7625182346004798
0.4386764342494488	0.7638268903357264
0.4232177697215434	0.7516117605967392
0.43239372612508775	0.765324517199985
0.4290864142815839	0.7642620208356966
0.430308273116753	0.7572742472539737
0.4297998198611525	0.7584676849249792
0.4304736180585211	0.7591151487369683
0.43020335105715934	0.759392789008846
0.4303531644963243	0.7601089006411332
0.4296377700546941	0.760297384850457
0.4294518635896288	0.760248737315351
0.4296869207776529	0.7605111587192366
0.43013510014616785	0.7603960034977177
0.4296759622672234	0.7604271474765423
0.4295488980226996	0.7602102557686465
0.42959702159582597	0.7603072546356023
0.42958805211150797	0.7600144783634207
0.4300903295978688	0.760092938817525
0.42991257308123487	0.7596318656771399
0.429786171123764	0.7594669837668679
0.43005765113849775	0.7594726076087135
0.4299464790358587	0.7596218797185357
0.42965018193463855	0.7598221830142885
0.42948787183725384	0.7598344116434343
0.4296807602054939	0.7604940628098412
0.42941993740061046	0.7605079863650298
0.42983653572090014	0.7608572273074841
0.42963955527260717	0.7607266082844163