0.3620994688995283	0.7567809896042058
0.362206552153493	0.7565994004602657
0.3622913998513371	0.7566094542052035
0.3625156935016701	0.7565983226073458
0.36252156884717357	0.7567429331796063
0.3625558408128174	0.7563418062546553
0.3623485013968965	0.7560607795939986
0.3622456025685411	0.756244244724237
0.3621994580060309	0.7559573937090902
0.3620316774124861	0.755655790584928
0.3618359943307373	0.7559440060789345
0.3616387236130767	0.755786448108382
0.36052920521207515	0.7560727019762878
0.36058451154870086	0.7562210681435888
0.3607092442659411	0.7555464538980191
0.36078281726037653	0.7552109477742709
0.360630065737722	0.7550677503917574
0.36070476545349067	0.7548150242013557
0.36077090519153243	0.7547267156298739
0.3608416833667467	0.7548609510932605
0.36094649885725055	0.7549648890257925
0.3610163297896006	0.7551747164747609
0.36103420524937596	0.7553237557100888
0.36110451689336076	0.7554026404182762
0.36118391224315854	0.7551711737545622
0.3611544693514676	0.7550381625767876
0.36111855956801	0.7551012282190944
0.3612364391373729	0.7548239562015684
0.3613826324732859	0.7547523417980045
0.36145944382313255	0.7548952511499065