0.43198029079534433	0.6337811967280567
0.42978965621605736	0.6425990259185447
0.43252480478102306	0.6315015797393915
0.4310781421417126	0.6340447199500132
0.42967180169752384	0.6384310303098888
0.42900068278912995	0.6382197972657293
0.4284940136861467	0.6334712858206393
0.428455388780857	0.6375245238474927
0.42825784449374715	0.6375329666407588
0.4282936562152863	0.6375387367963623
0.4283313121522185	0.6376310520326621
0.42833838989757494	0.6377436554415565
0.4283269654747843	0.6374349418536793
0.4283606349523108	0.6376777871072546
0.428349796551111	0.6377958373443879
0.42845866486340567	0.6375600295045071
0.42828891479109477	0.6378830455122482
0.4283439934773794	0.6380718542630782
0.42840443414188345	0.6383310702039877
0.4285440313913	0.6383381210809997
0.4286600298117652	0.6382724584097489
0.42869175832301154	0.6382567051858247
0.42849778202397737	0.638068916060841
0.428628041564769	0.6378537223882691
0.42838946114018644	0.637654392749461
0.4283154283676599	0.6376646015519397
0.4282612027804686	0.6373408280923167
0.4283340938785992	0.6371418479226654
0.42816409498133473	0.6369539209762081
0.4280309998385559	0.6369514756324236