0.32185674158228816	-0.37765079478271724	-0.8682097183849155
0.32176762168650813	-0.3772960208646827	-0.8683969773518819
0.3219932810647015	-0.37673672966493055	-0.8685561372015981
0.3222048546929183	-0.37595255381713283	-0.8688174197670597
0.32192606929458323	-0.3753919223375414	-0.8691631092909227
0.32155054161306046	-0.37526800117030024	-0.8693556099123044
0.3220213949023904	-0.3752220866166058	-0.8692011314650937
0.3218530024822686	-0.37489867276131705	-0.8694030307946665
0.32156467113578135	-0.37470387068188293	-0.8695936818844486
0.32179364043673186	-0.37502506435056837	-0.8693704929909499
0.3217209083101288	-0.37428588760848075	-0.8697158912502619
0.3213846567098573	-0.3746603695806054	-0.869678969446319
0.3189668224578492	-0.37511443853488274	-0.8703730948126801
0.3193142279223652	-0.3755505062310826	-0.8700576079294527
0.3194914017327103	-0.3757500771958481	-0.8699063878982508
0.3192298139214913	-0.3761715003743607	-0.8698202850070539
0.3192966958012319	-0.37625470118152976	-0.8697597483726258
0.31911243951245355	-0.3758598314510298	-0.8699980678426902
0.31886107832488386	-0.3759386752992186	-0.8700561620629791
0.318414306298829	-0.375279985290896	-0.8705040276669032
0.31873210498625953	-0.37610786464973456	-0.8700302979779756
0.31928465094802017	-0.3770451794686948	-0.8694217873439914
0.3198762498365914	-0.3774124737362397	-0.8690448834546871
0.3195047937337563	-0.37771189824335333	-0.869051441921911
0.31959923129879625	-0.3782327384932347	-0.8687901512362619
0.31984523379123236	-0.37858244907463584	-0.8685472673802404
0.3201832092846549	-0.3785711043537396	-0.8684276777259974
0.31959295925880143	-0.3785294065377503	-0.8686632424469108
0.3200269135012643	-0.37859203119064616	-0.868476164643449
0.3197291051077035	-0.37877574285416754	-0.8685057489575418