0.4208899640623787	-0.2031715260785428	-0.8840661565417407
0.4205505954493613	-0.2029525075292456	-0.8842779406695495
0.4281194728396838	-0.21253639333452626	-0.8783746344720017
0.42017279270408975	-0.20397923559875705	-0.8842212934078171
0.42049387637335633	-0.20543861811209846	-0.8837306569994615
0.42131789229175887	-0.20279821953488403	-0.883948027764252
0.4154188818830051	-0.20453839800128384	-0.8863358259249945
0.4217410601786198	-0.20431657617786828	-0.8833964086741395
0.42133946205669043	-0.2042537401613625	-0.8836025505530603
0.42128399876079925	-0.20609915182379543	-0.8832003917603428
0.42189377141341206	-0.2052041284877505	-0.8831177222172311
0.42237309551330093	-0.20566367212124403	-0.8827816390003349
0.42256372910358503	-0.20475648249743203	-0.8829012842449323
0.42242427509928687	-0.20480567108629188	-0.8829566064636108
0.43110495989517617	-0.20478171430979333	-0.8787564867687297
0.41416846589088474	-0.2055077005907226	-0.8866967163915207
0.41507904591941674	-0.2069637778640239	-0.8859319275716829
0.41645408917656784	-0.20729128442116504	-0.885209757634392
0.41729707795059306	-0.20735343482280316	-0.8847981135835916
0.41920872371753665	-0.2066139406646125	-0.884067149871634
0.4191381979719274	-0.20448724104428934	-0.8845949012123798
0.4196891789569539	-0.20608131308480043	-0.8839635091244901
0.4186890080955016	-0.20597461136673867	-0.8844625339562586
0.41798919730653156	-0.20510751948219277	-0.8849948792998202
0.4177694247197704	-0.20313093393045484	-0.8855543639155381
0.4169017710133353	-0.2019696843750027	-0.886228616057621
0.4165270933607793	-0.20280314885498768	-0.8862144567264305
0.4250824897121429	-0.2025980616334192	-0.8821898335179946
0.42450980728184373	-0.20246485598937763	-0.8824961221505352
0.4160851491444622	-0.20370791077077022	-0.8862145540165984