0.3240184264516325	0.6873623754719063
0.32410754265302855	0.6873471882367397
0.3239053775089369	0.6873440016610664
0.32405082534772045	0.6873122016362547
0.32401074477908043	0.686916427343419
0.3238622628958713	0.6871545256273646
0.32388013335272625	0.6872044513274639
0.32373706193892476	0.6868128868276788
0.3238834696685605	0.6871547123706225
0.3238711106915319	0.6867308908024414
0.32350615014857687	0.6865332396992754
0.32350597550066784	0.6867385735806172
0.323467914754568	0.6867670147711875
0.323625989330282	0.6868418614651688
0.3236063247175256	0.6864540214892245
0.32356074826478165	0.68664435337659
0.32366181401007543	0.6867796319977009
0.3236367871331436	0.6871786381279967
0.3234954365144372	0.6868888697280969
0.32345964328887566	0.6870529457629211
0.323514949828835	0.687314642675335
0.3237233814302399	0.6875519768231543
0.32377182824890544	0.6876907722869768
0.3236659890327972	0.687508423451707
0.3234656423493276	0.6880139330436813
0.32358243494071964	0.6881637854924129
0.32337312565665965	0.6882979747698246
0.3233149024010878	0.688121321149057
0.3231674599283769	0.6882471566158537
0.3232624439372791	0.6878863194120493