0.6057793345333276	0.4820040805850029
0.6133132572098392	0.5028175625855871
0.5905907905628736	0.5485760486086
0.5689045064416666	0.5558956459411559
0.5054372808358727	0.6091332907554557
0.5307327403211776	0.5921601671190049
0.553199441734919	0.5598272653728397
0.5042452655716894	0.6171736639748229
0.6231293109773572	0.5648376250395408
0.6243844750677402	0.5668225501306439
0.6257491823421784	0.5731101379076871
0.6273602817022043	0.5722840181605013
0.6216664874955202	0.5617241807126622
0.624309284064695	0.5657728155165571
0.6294947209306402	0.5713605136357085
0.626557729838755	0.5704423558439453
0.6282985132949076	0.5701093864692336
0.626941678398844	0.56964151679907
0.6287101118708621	0.569178733561472
0.6271293164015745	0.5699267650581863
0.6241294562570783	0.564503798796854
0.6241902347234405	0.5655381089785756
0.6235782249803831	0.5658213560886532
0.6240507333176698	0.5659043513246327
0.6242635134042815	0.5659620054563754
0.6246922712196991	0.5662073684813421
0.6248322320278723	0.5655795959904006
0.6248383876665868	0.5658616620609846
0.6248074503239209	0.5655483443721969
0.6246674019713451	0.5656918990718961