0.6067174956765785	0.42448249859537923
0.6065742653283163	0.4242610487633023
0.6078190164578717	0.4242776889163823
0.6116447957413461	0.4241005658670085
0.6115038449252447	0.42416554206080537
0.6114801125024552	0.4239622206225946
0.6114529077896812	0.4241249954474722
0.6109964941509347	0.4240397132839494
0.5702412806628512	0.4459558641838688
0.3955795989409516	0.3253687245730079
0.3900962035163843	0.320410524082528
0.38873360252046835	0.3205548744177781
0.38622115237936666	0.32015243343027366
0.38560912866784475	0.31996608600634846
0.38147060200564953	0.3135359431143324
0.379467141442134	0.3082420865813673
0.37079997391674524	0.30282120937102686
0.6143051373327879	0.4242250171902966
0.6128402511574474	0.4242090223975762
0.6122413454850658	0.4244558823227472
0.6114934459806344	0.4244235118425381
0.6106244030292645	0.42444071793831595
0.6126992169009996	0.4249632447824627
0.6137006146838572	0.42515435399858437
0.6138819534380108	0.42528390799683624
0.613809843959561	0.4253127064157547
0.6138532096637264	0.4253831495704562
0.6121609945952905	0.42555497926226316
0.6102834408380765	0.42548194685917184
0.6099679791921255	0.42566559641969925