0.5279593378080465	0.40876053622137754
0.5280205018572173	0.4086365199261224
0.5278979909689102	0.40840702561750397
0.5282384573877283	0.40855683793450637
0.5281799043520113	0.4086328838761426
0.5286589559539611	0.40855246890276786
0.5283536025639602	0.4087552863489752
0.5285528339665604	0.4084468479587091
0.5283530334365771	0.40878834779023676
0.5284184859565629	0.4086334158133511
0.5286379827878912	0.40835378922966425
0.528586479253791	0.40880266981024094
0.5286861251293847	0.40832947880989845
0.5285200484273642	0.4085076376342721
0.5285029643670459	0.40862829638783726
0.5283125104771748	0.4084368722976722
0.5282024106239516	0.4088194115322368
0.528199420469008	0.40868542202099256
0.5279412994062371	0.4086194143231924
0.5279471745815443	0.40838950218572256
0.5282875301379878	0.40834211665768905
0.5283582870335304	0.40854556733749914
0.5282991153099773	0.4086213131898708
0.5284557090228295	0.40841498732942694
0.5284004551235355	0.4081709600100343
0.52854333719532	0.40793409778502787
0.5286962601043304	0.4078043411168407
0.5286811002372442	0.4074907070949271
0.5286910370764147	0.4075622272532248
0.5287269875439489	0.4075761548232125