0.3016811428282097	0.5738764572520243
0.3082732365650703	0.5719189479246398
0.3081364744001801	0.5695476619477591
0.30860406651100736	0.5671166970251345
0.3026678452693977	0.5730991197799031
0.31013070403429216	0.5703375371535857
0.31029644584153554	0.5682558462258591
0.304508570603668	0.5658877245285965
0.30564399008423815	0.5724445886354423
0.306231410286984	0.5699900051645412
0.30699430813485606	0.5679735321466074
0.3012054947427198	0.5748966892022165
0.30223447397308056	0.5727785306439553
0.3095482262236948	0.5711122917379159
0.31005286478097005	0.5696493008057246
0.3044850286524293	0.5681832618491669
0.30598210875906556	0.5664848819458208
0.3070264787580258	0.5736476379653499
0.3080240459894243	0.5718518981664154
0.30924531388425935	0.5705864785534067
0.30385586224762495	0.5781649536224573
0.30528827969471106	0.5767480525404205
0.3037647872890947	0.5740346942285657
0.30349611164218715	0.5741961152502768
0.3034667324354432	0.5741674958442131
0.30328211986978343	0.5741026347058805
0.3034087608187243	0.5739229727485875
0.30336414652541716	0.5741427964988965
0.3032621182114438	0.5741026679112131
0.3033089746818005	0.5740214228482261