0.3786653349470804	0.6297756636533884
0.378600089061498	0.6305388997382786
0.3785781387652034	0.6304307138537747
0.37837500628994775	0.6307645156944772
0.37728734460418567	0.6300542256167172
0.3772519684403867	0.6301282042950305
0.37723504048783313	0.6300918734200749
0.37714099157852116	0.6298397589456486
0.3772070131419575	0.6296566755610862
0.377144538285751	0.629553144863993
0.3770847362309585	0.6296741666778611
0.3771375721106703	0.6297623072322067
0.37680688253780514	0.6297594015647023
0.37667925572829924	0.630283318302898
0.3764524254343635	0.6300843625701388
0.3764014025172754	0.6303033431766434
0.3762187810215373	0.630108691562958
0.37608106460823776	0.6302492256727963
0.3760128681641693	0.6304000837185225
0.3757892967561649	0.6301550533109449
0.375865110223807	0.6301564145385579
0.37591055240404114	0.6302862155492037
0.3759815941327038	0.6305725960356069
0.3757233906213543	0.630223943146943
0.3757681815977968	0.6301810666086269
0.37552744674258604	0.6304684271370886
0.37574389878054804	0.6300822211078949
0.3757601133719413	0.6299269656024149
0.3757582926419012	0.6300475569974726
0.37577943003381553	0.6296674702818075