0.6110743477416102	-0.1708179564892503	-0.7729226140261406
0.6100610313199111	-0.17100830289223215	-0.7736806178306428
0.6094472374461687	-0.17111418897112815	-0.7741408134842047
0.6103497803298256	-0.1691699033378598	-0.7738570213262866
0.6093595407135359	-0.17093304069118315	-0.7742498600203004
0.6093813958841182	-0.16928566177315285	-0.7745945255863542
0.6091522611270255	-0.16966630120499088	-0.774691466972013
0.60982286539606	-0.16941483253862785	-0.774218759367175
0.6102785043174844	-0.16966481109300635	-0.7738048843505633
0.6100134876988141	-0.1689549283155315	-0.7741690881347706
0.6089463446266419	-0.1691666942885051	-0.7749625661342299
0.6070073587243049	-0.17229285788469326	-0.7757945846527082
0.6075862518201398	-0.17126538852393544	-0.7755688965481398
0.6074945042728128	-0.1697217849834388	-0.7759799887757188
0.6080329277975473	-0.16872592142376341	-0.7757754328113547
0.6066846919654937	-0.16996030289140757	-0.776561124429877
0.6080821449737287	-0.1700513787622527	-0.7754473763868224
0.6075961990931512	-0.1693985016906801	-0.7759710087835168
0.6081405319490225	-0.16904398980148563	-0.7756218298325255
0.6079753788973413	-0.16864688385823962	-0.7758377196421553
0.6081128619422298	-0.16820688426681601	-0.7758254901881483
0.607293968737541	-0.1687900672146746	-0.7763400986324693
0.607711903711165	-0.16898449360905565	-0.7759706714866503
0.6081668948304984	-0.16780442422644487	-0.7758702876397966
0.6074892381818271	-0.16654128420150346	-0.7766729209582226
0.6070664053592315	-0.16818516388644095	-0.776649296743847
0.6081130218156627	-0.1701561435070374	-0.7754001802456817
0.6066589160645801	-0.16975917668402596	-0.7766252516438739
0.6078088439944628	-0.16929842407951368	-0.7758263032189022
0.6084044785323333	-0.1696850827212909	-0.7752747662626898