0.6985150429261757	0.7832895021073688
0.6987456090507959	0.7832926457859068
0.6988270079512935	0.7829650800525838
0.6986559287771346	0.7832231891897768
0.6988574879717927	0.7829317181869118
0.6984580382687696	0.7830299435899547
0.6988021860508381	0.7825318106616959
0.6998766052769995	0.7828935420727645
0.6996702532991357	0.7832953337788611
0.6990292016465207	0.7833872725636207
0.6993723432486094	0.7828486328344154
0.6992964944345686	0.7870765244792841
0.6992798620229561	0.7825153847435066
0.6990293964305511	0.7830662259032628
0.6987887884907245	0.7839679097361923
0.699230849605243	0.7835295653668228
0.6992318793074577	0.7836914426252951
0.6989464792881708	0.787956891089196
0.6994163411101657	0.7875485156352426
0.6999372529769988	0.7811065977661812
0.6996171911881723	0.7825430572194292
0.6997203631364676	0.7832188853249398
0.6995849987528442	0.7818364322118435
0.6995824847693706	0.7829753304852273
0.6995760037238022	0.7826710033992941
0.699313082575637	0.7829424764485517
0.6992536385189677	0.7825682508920908
0.6989003459163754	0.783164599987098
0.6983447469200579	0.7875021925385179
0.6984738914494918	0.7872222995845497