0.5850441591425881	0.848680613790893
0.5850300030902816	0.8484945905978142
0.585099203683963	0.848399546479919
0.58507274265675	0.8483727764424737
0.584863606181341	0.8487744594406008
0.5848457690405594	0.8486477637588891
0.5847803237442484	0.8487251301812463
0.5848111968999266	0.8485272687040792
0.5844496591924233	0.8484855740842582
0.5844598622272292	0.8486915344183057
0.5844482181650437	0.8486949607648983
0.5842711360809443	0.8486659022256124
0.5840528535826431	0.8485965060674504
0.5838835477614707	0.8486731219457726
0.5839383816978099	0.8483698439843192
0.5837027719628156	0.8483470658112532
0.5836500565629912	0.8482866569086782
0.5834038553086468	0.8479134150007042
0.5833208375069355	0.8480442372637921
0.5833030136737454	0.848023253976998
0.5836052604098543	0.8482443822894572
0.5833636004185503	0.8484220286783858
0.5835897348486206	0.8482622188424478
0.583643766362006	0.8482278477705435
0.5837176118912666	0.848110088785481
0.5837111243646523	0.8477020973888335
0.583792510366239	0.8478703193512764
0.584049352248141	0.8475197931946633
0.5842857121523571	0.8473998185271435
0.5844354373106653	0.8476777049308475