0.9944193384172924	-2.3733398445520266
0.9942004737937125	-2.373627898638548
0.993838889149044	-2.3740570083415635
0.9938522024865473	-2.3749870970961586
0.9938549259533335	-2.3752906047034674
0.994558765703215	-2.376146649714166
0.9743335724260035	-2.4245798559753275
0.9513763147831794	-2.2933548980045626
0.941766096534752	-2.279727278893411
0.9431244691881037	-2.280838265500112
0.9426301457752185	-2.282380030372221
0.9401657387551688	-2.2866115920414813
0.9396556803745078	-2.286853143069891
0.9283251601579747	-2.2548317684221106
0.9287506822430402	-2.255492573136567
0.9279461089264199	-2.2560838662906173
0.9276259405339828	-2.2574635872567352
0.927309341332806	-2.2581970442414625
0.927072919728314	-2.2580673142251753
0.9266911529084186	-2.2581338428759143
0.926737850641959	-2.2586411137595253
0.9639222795484034	-2.3825902729896313
0.9805549310223481	-2.424274813736572
0.9797287304982895	-2.4247157395637564
0.9988300334212702	-2.3705794562311504
0.9791868790880726	-2.4266783657099036
0.9816382454242092	-2.4266486133243057
0.9826308104576489	-2.43115991405357
1.0719774858188709	-2.3950585193301173
1.0001892357481703	-2.440506907723062