0.42184721471952036	0.3528654747541343
0.42166673896468865	0.35290773272794773
0.42189183509646855	0.3526930324731633
0.4220058412388715	0.35294637820348107
0.4220341983443436	0.35296195136047115
0.4222200854214721	0.3528280861804759
0.4223415818489961	0.35252685906693126
0.4224984851925609	0.3524045235717196
0.42287503900387885	0.35304144576578045
0.42283638826884085	0.35262022254484504
0.42283812082675726	0.35211118058129287
0.4228626515955699	0.35171492883223565
0.4228765914354378	0.3518196302538341
0.4227461137430831	0.3515855261715647
0.42281944603070104	0.35121178297358036
0.42283134508490133	0.35152627136633363
0.4228301233651169	0.3513751809025656
0.4229823000541634	0.35136564691560357
0.42313888840929775	0.35127482547347555
0.4231834788508165	0.35124361762735634
0.42336151895138685	0.3517335963705379
0.4230612908912061	0.3514849731014884
0.42286992835677695	0.3511005255242068
0.4231332386982394	0.35105920390561185
0.4232513613832554	0.3508404953106693
0.42345301793554	0.35053367568257954
0.423482116189	0.3505864465924392
0.4235971625268884	0.35050493611123024
0.4237807112111758	0.3504694021876683
0.4237679116904623	0.350163760268012