0.15495605442459848	-0.3379341169102666	-0.9283259954483873
0.15474842126997035	-0.3371165022002458	-0.9286578433732865
0.15518409853692722	-0.33668795999464884	-0.9287406059583715
0.1544582213262326	-0.33752792909624163	-0.9285567052930795
0.15407268127993493	-0.3370509766030419	-0.9287939750311408
0.15364704501585844	-0.3357719629808137	-0.9293275926356142
0.15398022212692875	-0.33628134546286903	-0.9290882347158552
0.15312480103430373	-0.3358890641231256	-0.9293714714314699
0.15177639126774028	-0.3368433747477088	-0.9292472587757881
0.15144709199950998	-0.3357978953584751	-0.9296792736195159
0.15274525680226408	-0.3356555758108	-0.9295182735974215
0.15479416025960954	-0.3342544144851665	-0.929684222920181
0.15430642977277043	-0.33412560679828807	-0.9298115962991949
0.15339744396221808	-0.33488549440221876	-0.9296886198210882
0.15346070132535433	-0.3342752433148403	-0.9298977765623136
0.15473260420662907	-0.33309795349711546	-0.930109442254764
0.1550284072684182	-0.3337372375911755	-0.9298309788261674
0.15363094327392543	-0.33403979812380546	-0.9299542712080907
0.15468440295313243	-0.33673630369744156	-0.9288064369152582
0.1552508382206466	-0.33670099664023256	-0.9287247256820832
0.15444380791235157	-0.33550364831188734	-0.9292924255405002
0.15338483811861323	-0.3386940564639693	-0.9283099846232984
0.15318388619033874	-0.3392264289288981	-0.9281487633605793
0.1541492395134163	-0.3375234631393171	-0.9286096724608663
0.15445461814010578	-0.33590772603115526	-0.9291446445671268
0.1566088932747325	-0.3354519669840132	-0.9289486704839078
0.15524627937541524	-0.3362018521029245	-0.9289062963413769
0.15368272465843238	-0.33626497763992697	-0.9291434146321976
0.15339408043612526	-0.33723583463210827	-0.9288391937935978
0.1527277243995969	-0.3394503609713334	-0.9281420659770531