0.507405571280452	0.08238321867304733	-0.8577602179599069
0.504416286998838	0.0814088245354723	-0.8596143395139815
0.4975456132007043	0.08029526568549669	-0.8637135133209568
0.49628591845851977	0.07992182994562788	-0.8644725491523289
0.49623306927479777	0.07957953865041713	-0.8645344631570799
0.4964785055604366	0.07941205027510818	-0.8644089424500301
0.4961201905785367	0.07914576168842967	-0.864639060479617
0.49608373065824923	0.07902985247071205	-0.8646705815480548
0.49598881688472524	0.07879453918789432	-0.8647465028084576
0.49596483921609563	0.07879340664952542	-0.8647603583247296
0.4959570240514515	0.07860952048382278	-0.8647815756497887
0.4956198077182294	0.07827174009578482	-0.8650055149533575
0.4955106605350847	0.07840447405851446	-0.8650560234711344
0.49441131019343787	0.07982729093718377	-0.865554770060473
0.4932609643867286	0.08184631108037613	-0.8660224029289362
0.4934239247528915	0.08149841845320609	-0.8659623769374042
0.49339968490996444	0.08151032384912901	-0.8659750677916529
0.49349348545224103	0.08128376088037698	-0.8659429138420964
0.49370707089461957	0.08095174241604439	-0.8658522642740282
0.49367353844009687	0.08123349009344481	-0.8658449962500635
0.49355879650441525	0.08134471215958149	-0.8658999666224662
0.49390887189989185	0.08138003870116091	-0.8656970114073248
0.4937925188371645	0.08149489912693941	-0.8657525799884968
0.49374213152347496	0.08148446777803854	-0.8657822988890368
0.49375216554731566	0.0813444126855984	-0.8657897467296383
0.4939233153093675	0.08100849210883126	-0.8657236180213964
0.49400985355563004	0.08098962293919644	-0.8656760049615051
0.49428933469347	0.0811181977886746	-0.8655044145443768
0.49430941172103804	0.08150157159682354	-0.8654569309395178
0.49446682802387953	0.08154942932570128	-0.8653624943112891