0.6827678474152554	0.8087577562272807
0.6829994268389734	0.8085643649006858
0.6828195313392679	0.8095463656491172
0.6830365408734813	0.8088841616116653
0.6832149696643192	0.8083739768185004
0.6834361343030988	0.8086231040894083
0.6837745345856729	0.8093188193320175
0.6832395717673644	0.8103220861679324
0.682457636926433	0.8120855707660783
0.6826431820962972	0.8134646543006159
0.6828581516310651	0.8135029965815622
0.6829709096229992	0.8134215439985791
0.6834388276570149	0.8127200246937061
0.6838221918066459	0.812457695153104
0.6835398460085615	0.8120041515254923
0.6831419345061205	0.8111589107664137
0.6827230583906092	0.811267139985658
0.6825337803351353	0.8124019160596869
0.6820386998028598	0.8133735274200902
0.6813019689435428	0.8132335484640775
0.6812610995179269	0.8138932627425016
0.6812685930271835	0.8142720378023278
0.6816118896096354	0.8128975853026825
0.6817915602806547	0.8115377945288131
0.6819388165002264	0.8116156046884015
0.6815740053050117	0.8127614506499845
0.6809508947892982	0.8138434538031667
0.6805687131731288	0.8156180028251745
0.6800141365151051	0.8180942282372734
0.6795858885386014	0.8178597289819949