0.36006031520571186	-0.11364750159783076	-0.9259810013140304
0.3600991436842482	-0.11376218528238108	-0.9259518194364372
0.36014059402879034	-0.11372542862309375	-0.9259402137379517
0.36005032614043064	-0.11359150719152532	-0.9259917559784898
0.360286905448694	-0.11336527757756684	-0.9259274591467548
0.359859538887598	-0.11346353093347641	-0.926081605162155
0.3598401450702206	-0.1134341737537471	-0.9260927373760401
0.35969764295587414	-0.11363178876083511	-0.9261238698117015
0.3596585080834989	-0.11334535819131392	-0.9261741668496453
0.35946766577778455	-0.11312233042165706	-0.9262755182019248
0.35941568949038216	-0.11304605107435285	-0.9263049997083292
0.3591682551083489	-0.11327976920488485	-0.9263724188528671
0.35879749179615894	-0.1130333117444729	-0.9265461835855038
0.3586689658421972	-0.11293122847563503	-0.9266083911646131
0.3583700960512692	-0.11278911126628875	-0.9267413288701248
0.3583540367953351	-0.11286407090108971	-0.9267384128286263
0.3583487403919156	-0.1125956905784811	-0.9267731063872551
0.3584294028765579	-0.11195680747055571	-0.9268193116322917
0.3585125226170603	-0.11131751181335515	-0.9268641662565424
0.35846427691609045	-0.11050452326662329	-0.926980103622856
0.3585480153972428	-0.1102385886353345	-0.9269793817719939
0.35873411267449623	-0.11010601947440979	-0.9269231364461363
0.35848514113073104	-0.11011342397208401	-0.9270185744900822
0.35827625072469294	-0.10986268949809525	-0.9271290727956394
0.3580697110451668	-0.1095564764373709	-0.9272450919269719
0.35799486471892256	-0.10907190952692994	-0.9273311142127334
0.3578294254144049	-0.10878316515262607	-0.9274288788295161
0.35813246773277974	-0.10859305127807828	-0.9273341818189095
0.3579673987876486	-0.10862087591230334	-0.927394655322775
0.3579585305553049	-0.10849957069930541	-0.9274122780946742